LECROYWS24Xs-A	49590	Waveform
Segments	1	SegmentSize	1867
Segment	TrigTime	TimeSinceSegment1
#1	03-Jan-2003 02:06:36	0                 
Time	Ampl
0	-131.937
1	-65.9527
2	-65.1005
3	-69.9877
4	-71.9672
5	-64.823
6	-71.115
7	-66.7484
8	-67.8659
9	-72.3822
10	-67.5392
11	-68.0697
12	-79.1162
13	-63.3274
14	-66.4709
15	-75.0223
16	-71.6135
17	-74.2364
18	-61.4413
19	-60.5424
20	-67.1487
21	-76.5277
22	-64.128
23	-66.7435
24	-81.1252
25	-66.2671
26	-64.9409
27	-83.7235
28	-64.1231
29	-66.7607
30	-70.668
31	-63.9659
32	-75.1549
33	-71.7388
34	-64.0101
35	-71.0855
36	-65.5033
37	-72.284
38	-65.5401
39	-65.1619
40	-75.0469
41	-62.2959
42	-64.1747
43	-63.9561
44	-62.1093
45	-69.4057
46	-66.0043
47	-63.3839
48	-70.6778
49	-59.8793
50	-61.8588
51	-62.8337
52	-67.3649
53	-61.5125
54	-60.5964
55	-60.5473
56	-62.0454
57	-58.6784
58	-60.3951
59	-57.0722
60	-53.0176
61	-38.8152
62	-48.6805
63	-58.8724
64	-61.4069
65	-58.9657
66	-61.429
67	-63.3519
68	-61.4265
69	-63.9021
70	-60.2256
71	-59.2162
72	-60.3951
73	-61.2865
74	-59.2162
75	-58.0767
76	-58.1872
77	-56.5049
78	-54.3806
79	-52.8359
80	-50.8638
81	-46.5463
82	-35.0847
83	-40.4484
84	-48.4546
85	-52.5485
86	-56.2716
87	-59.7393
88	-59.8842
89	-63.4354
90	-60.5915
91	-58.6366
92	-64.4374
93	-64.8967
94	-67.2691
95	-58.8135
96	-61.4339
97	-60.9059
98	-58.6317
99	-63.4182
100	-66.3457
101	-64.0617
102	-62.8976
103	-60.508
104	-59.2555
105	-60.7094
106	-56.8291
107	-57.1214
108	-54.1154
109	-51.1266
110	-28.5275
111	-49.2183
112	-57.3768
113	-57.5782
114	-56.3453
115	-53.2877
116	-55.3826
117	-52.2661
118	-52.1335
119	-50.741
120	-47.4305
121	-43.3512
122	-34.4708
123	-33.6161
124	-43.8105
125	-47.2021
126	-50.7066
127	-53.4744
128	-53.1846
129	-55.9966
130	-55.0609
131	-57.1336
132	-55.498
133	-54.2996
134	-56.6597
135	-53.3
136	-52.325
137	-51.7012
138	-49.7316
139	-49.0194
140	-48.5651
141	-46.0552
142	-43.5772
143	-40.4803
144	-35.6471
145	-26.666
146	-25.6836
147	-35.0896
148	-39.5274
149	-41.8605
150	-43.5674
151	-44.8788
152	-45.9054
153	-47.008
154	-48.1721
155	-47.8701
156	-48.4791
157	-49.3657
158	-49.9281
159	-48.2655
160	-47.7325
161	-46.2246
162	-44.5522
163	-40.9224
164	-34.7458
165	-28.6896
166	-42.4229
167	-49.2994
168	-52.8457
169	-58.3247
170	-73.5193
171	-66.6134
172	-71.7019
173	-64.909
174	-69.1576
175	-72.5075
176	-63.8112
177	-64.322
178	-59.2162
179	-56.2667
180	-56.3846
181	-52.8874
182	-48.0837
183	-43.9677
184	-26.079
185	-41.6886
186	-49.7832
187	-53.9484
188	-58.8454
189	-55.9008
190	-57.4971
191	-53.747
192	-51.8412
193	-47.956
194	-41.4602
195	-27.3684
196	-36.0474
197	-43.1449
198	-46.2492
199	-48.2826
200	-49.1275
201	-51.7381
202	-52.5215
203	-53.4695
204	-54.6016
205	-55.3384
206	-54.7686
207	-56.446
208	-53.5431
209	-56.3281
210	-56.6302
211	-52.9881
212	-53.4056
213	-56.36
214	-53.0716
215	-52.2587
216	-51.6128
217	-50.4733
218	-48.2851
219	-44.0929
220	-35.3819
221	-37.7297
222	-47.008
223	-52.8383
224	-55.2402
225	-60.3042
226	-61.4216
227	-59.8106
228	-60.8199
229	-67.0579
230	-68.1532
231	-65.378
232	-66.7533
233	-61.7605
234	-69.8011
235	-79.9856
236	-66.2794
237	-64.5701
238	-67.6129
239	-63.713
240	-60.0193
241	-62.7699
242	-60.8715
243	-56.2397
244	-51.3771
245	-41.0083
246	-39.552
247	-57.5978
248	-49.8102
249	-53.3344
250	-55.6478
251	-58.8061
252	-57.3571
253	-59.6116
254	-60.4687
255	-65.4665
256	-61.6672
257	-66.7853
258	-65.2331
259	-65.0514
260	-57.9367
261	-66.0411
262	-64.5529
263	-66.6919
264	-73.7551
265	-67.5466
266	-72.6646
267	-63.6884
268	-60.4196
269	-67.3354
270	-71.7461
271	-60.5007
272	-66.5225
273	-70.3684
274	-61.7728
275	-63.8161
276	-71.1395
277	-64.0273
278	-64.7862
279	-68.384
280	-64.7076
281	-64.376
282	-74.8799
283	-79.3962
284	-69.0054
285	-69.6537
286	-61.3234
287	-64.1452
288	-59.9137
289	-56.9642
290	-50.7459
291	-40.7554
292	-36.8603
293	-47.0989
294	-51.3525
295	-50.687
296	-53.2681
297	-54.9995
298	-56.026
299	-55.4686
300	-57.6494
301	-60.5326
302	-61.7851
303	-65.243
304	-58.4967
305	-60.0095
306	-60.7954
307	-40.7701
308	-56.7554
309	-58.0178
310	-66.7705
311	-61.3013
312	-57.0354
313	-60.6971
314	-65.6556
315	-57.4726
316	-65.1791
317	-61.8268
318	-61.1564
319	-60.2158
320	-65.1153
321	-59.8646
322	-59.565
323	-63.1334
324	-60.6603
325	-58.1258
326	-54.8399
327	-48.9998
328	-35.1289
329	-30.9908
330	-39.0805
331	-28.6307
332	-42.3124
333	-47.5164
334	-50.6526
335	-52.185
336	-53.192
337	-54.9995
338	-55.7191
339	-54.4985
340	-55.2524
341	-54.7956
342	-57.5119
343	-55.2451
344	-59.2703
345	-55.1395
346	-54.2283
347	-54.4469
348	-59.1426
349	-55.6429
350	-55.8664
351	-59.2482
352	-58.3247
353	-57.8876
354	-57.367
355	-56.4804
356	-56.2348
357	-56.5049
358	-56.0015
359	-55.0879
360	-53.8501
361	-53.9336
362	-53.1797
363	-53.5923
364	-52.7008
365	-51.4139
366	-51.2027
367	-48.9457
368	-37.6855
369	-40.3551
370	-52.5068
371	-75.2826
372	-61.149
373	-59.5601
374	-57.8336
375	-64.1722
376	-53.9484
377	-55.3556
378	-54.4469
379	-56.5541
380	-52.6222
381	-51.8756
382	-49.7464
383	-49.766
384	-50.6845
385	-49.071
386	-47.0744
387	-44.7609
388	-41.1237
389	-34.316
390	-35.9836
391	-38.5524
392	-43.0442
393	-48.0272
394	-50.7705
395	-50.8957
396	-57.2835
397	-59.1917
398	-58.1479
399	-65.351
400	-59.7492
401	-79.3127
402	-62.1633
403	-62.3549
404	-61.0802
405	-59.7442
406	-61.2055
407	-58.3026
408	-56.3379
409	-52.519
410	-49.0096
411	-44.2108
412	-34.989
413	-33.1249
414	-44.1813
415	-48.1255
416	-50.127
417	-53.7887
418	-54.9209
419	-54.0515
420	-54.4224
421	-60.1004
422	-56.0874
423	-56.2864
424	-54.4813
425	-56.7161
426	-55.0265
427	-53.914
428	-54.9602
429	-52.3815
430	-49.486
431	-42.833
432	-47.7252
433	-48.57
434	-44.4711
435	-42.2166
436	-37.3884
437	-28.1542
438	-29.0359
439	-38.9577
440	-45.6057
441	-33.8568
442	-39.8049
443	-44.7437
444	-46.345
445	-48.9899
446	-49.685
447	-52.023
448	-52.4871
449	-51.3304
450	-54.027
451	-53.0372
452	-52.6296
453	-57.2098
454	-56.9495
455	-57.9932
456	-56.6056
457	-57.8532
458	-55.4342
459	-58.644
460	-56.2913
461	-59.4324
462	-59.8572
463	-58.2388
464	-55.5054
465	-60.5007
466	-56.8758
467	-57.7132
468	-61.736
469	-59.3366
470	-57.5782
471	-60.8199
472	-58.8503
473	-57.8066
474	-57.9981
475	-54.9651
476	-62.6766
477	-57.6027
478	-57.8237
479	-58.3911
480	-56.4067
481	-56.0997
482	-54.0589
483	-55.1493
484	-54.3781
485	-52.1826
486	-49.9011
487	-48.2114
488	-45.1096
489	-40.9076
490	-31.1357
491	-33.8003
492	-40.9543
493	-43.2874
494	-48.5381
495	-50.1909
496	-44.7535
497	-48.9261
498	-52.6025
499	-53.9754
500	-54.1031
501	-56.9642
502	-55.5643
503	-58.6072
504	-58.0104
505	-58.7177
506	-59.8425
507	-58.5777
508	-60.8961
509	-60.2723
510	-60.034
511	-59.1917
512	-57.949
513	-73.4014
514	-70.1204
515	-63.6589
516	-60.6456
517	-66.7656
518	-68.2072
519	-66.3579
520	-66.7607
521	-68.7844
522	-62.2001
523	-81.0859
524	-72.1317
525	-76.0587
526	-69.2731
527	-67.3943
528	-68.4209
529	-63.9929
530	-64.3539
531	-65.8348
532	-64.71
533	-67.9543
534	-64.5897
535	-62.291
536	-67.1905
537	-65.2233
538	-71.4171
539	-67.4901
540	-68.9612
541	-74.3715
542	-66.6502
543	-68.222
544	-63.4084
545	-71.53
546	-67.7824
547	-66.6797
548	-70.7908
549	-59.9112
550	-54.0368
551	-48.2188
552	-44.2206
553	-53.5407
554	-59.7737
555	-60.314
556	-44.7806
557	-62.7134
558	-61.7777
559	-62.7846
560	-77.3996
561	-62.7331
562	-65.7636
563	-62.5882
564	-65.2552
565	-63.8357
566	-67.2642
567	-63.6417
568	-66.4807
569	-76.238
570	-75.3661
571	-65.0269
572	-64.6536
573	-67.5392
574	-68.7352
575	-62.3622
576	-61.2792
577	-57.6911
578	-52.9488
579	-53.8305
580	-59.7074
581	-54.7048
582	-52.6689
583	-49.1226
584	-36.6663
585	-29.7849
586	-39.9597
587	-47.6662
588	-51.8781
589	-53.1895
590	-54.1792
591	-54.6827
592	-57.5389
593	-61.7458
594	-57.7476
595	-63.8873
596	-61.37
597	-60.648
598	-63.2856
599	-62.0651
600	-62.9836
601	-68.8286
602	-63.2341
603	-59.5429
604	-63.6835
605	-62.6618
606	-66.854
607	-71.783
608	-62.0773
609	-64.6094
610	-69.4966
611	-67.5417
612	-70.3291
613	-64.543
614	-66.1443
615	-61.1466
616	-66.1934
617	-67.4803
618	-65.297
619	-62.1584
620	-75.6559
621	-74.0326
622	-67.5662
623	-62.4334
624	-75.5036
625	-64.5995
626	-67.7136
627	-74.3641
628	-99.7997
629	-62.5169
630	-72.1759
631	-69.6783
632	-79.3152
633	-73.2295
634	-70.1449
635	-68.9096
636	-69.391
637	-63.8259
638	-72.618
639	-69.0987
640	-65.4198
641	-65.6973
642	-72.0998
643	-70.722
644	-65.2749
645	-80.0618
646	-64.8132
647	-65.5647
648	-66.4758
649	-60.4859
650	-63.0695
651	-61.1294
652	-56.7677
653	-58.9363
654	-56.6326
655	-53.0913
656	-44.7585
657	-37.1305
658	-49.1226
659	-55.2991
660	-58.3198
661	-44.5251
662	-46.4186
663	-47.568
664	-53.3467
665	-58.7889
666	-59.5281
667	-59.231
668	-59.7148
669	-64.6315
670	-57.9932
671	-61.844
672	-61.5837
673	-61.7949
674	-67.5441
675	-62.9737
676	-63.0351
677	-59.6558
678	-67.6915
679	-62.8313
680	-61.5714
681	-59.7664
682	-54.7342
683	-68.2563
684	-67.3649
685	-67.2666
686	-66.6551
687	-60.4884
688	-69.946
689	-70.2947
690	-66.4709
691	-67.0628
692	-64.4178
693	-68.4528
694	-81.0466
695	-74.1382
696	-67.4287
697	-69.3001
698	-67.3501
699	-65.2209
700	-62.9222
701	-63.6638
702	-63.875
703	-64.4988
704	-62.8608
705	-74.9511
706	-65.8348
707	-72.5345
708	-63.7744
709	-63.6393
710	-69.0619
711	-64.3834
712	-64.2754
713	-62.4899
714	-72.9913
715	-61.7826
716	-67.5368
717	-64.5774
718	-67.2175
719	-64.7027
720	-69.6979
721	-64.5062
722	-67.3231
723	-63.9782
724	-59.3439
725	-58.7251
726	-58.8871
727	-59.6706
728	-52.9979
729	-48.6019
730	-47.6883
731	-63.1334
732	-65.2528
733	-60.3484
734	-53.8943
735	-49.378
736	-34.7728
737	-44.2771
738	-51.4065
739	-58.1135
740	-57.863
741	-58.8871
742	-63.3053
743	-61.6083
744	-59.5502
745	-51.1143
746	-62.7846
747	-73.6716
748	-67.6031
749	-66.245
750	-68.3669
751	-71.9623
752	-69.5727
753	-71.6455
754	-66.7804
755	-65.4419
756	-71.5276
757	-73.4677
758	-65.3117
759	-73.1902
760	-67.0112
761	-63.9364
762	-67.942
763	-74.7767
764	-68.804
765	-65.8397
766	-62.512
767	-76.0071
768	-64.462
769	-70.1474
770	-62.1559
771	-65.7096
772	-63.9217
773	-61.9816
774	-60.3337
775	-65.0833
776	-59.7762
777	-54.8055
778	-52.0058
779	-46.0994
780	-38.1865
781	-32.8916
782	-46.6519
783	-49.5646
784	-54.081
785	-54.2554
786	-55.7166
787	-59.8376
788	-61.9545
789	-65.7071
790	-60.9059
791	-62.4605
792	-59.0222
793	-70.0393
794	-63.4133
795	-63.4895
796	-69.86
797	-64.5111
798	-60.9525
799	-66.8958
800	-70.2554
801	-61.1024
802	-62.1952
803	-60.8076
804	-67.3477
805	-82.525
806	-67.0186
807	-69.3934
808	-68.1974
809	-66.2204
810	-61.0606
811	-67.6473
812	-69.5555
813	-64.4915
814	-66.9719
815	-72.6376
816	-64.4104
817	-66.7263
818	-66.0166
819	-63.1456
820	-76.1053
821	-66.6379
822	-71.2009
823	-65.6826
824	-61.4462
825	-63.5361
826	-59.3267
827	-54.0884
828	-46.8852
829	-47.8332
830	-58.6047
831	-66.1762
832	-62.8632
833	-71.9917
834	-71.4441
835	-80.3786
836	-67.2617
837	-65.2454
838	-66.9695
839	-70.3954
840	-71.7486
841	-77.3235
842	-69.4204
843	-77.0656
844	-75.8671
845	-67.8855
846	-67.3231
847	-74.2045
848	-69.1282
849	-82.3457
850	-78.2665
851	-67.9739
852	-68.5068
853	-72.4608
854	-81.076
855	-87.6382
856	-75.43
857	-80.6512
858	-74.2954
859	-78.824
860	-66.3923
861	-71.8149
862	-77.6329
863	-70.7024
864	-76.8495
865	-75.2089
866	-64.8942
867	-70.9627
868	-70.3487
869	-69.9681
870	-65.8545
871	-73.9614
872	-68.8679
873	-66.1271
874	-69.6955
875	-61.0041
876	-52.2194
877	-64.5848
878	-64.3981
879	-71.4735
880	-71.4146
881	-78.6398
882	-72.0138
883	-69.1061
884	-61.9324
885	-69.1724
886	-88.2055
887	-79.5239
888	-74.5876
889	-85.1061
890	-65.5082
891	-66.8319
892	-84.1557
893	-69.4302
894	-70.4568
895	-72.0507
896	-76.4811
897	-76.6923
898	-72.2373
899	-72.7285
900	-70.0614
901	-79.8972
902	-72.2005
903	-69.3983
904	-69.3222
905	-65.9871
906	-67.9936
907	-76.292
908	-70.8252
909	-71.3262
910	-67.4508
911	-73.0355
912	-59.6558
913	-55.5324
914	-71.4613
915	-65.3314
916	-74.3739
917	-69.391
918	-86.1032
919	-79.713
920	-69.946
921	-64.8869
922	-71.6135
923	-71.1764
924	-70.8178
925	-72.7973
926	-68.3914
927	-76.2134
928	-66.7681
929	-67.3452
930	-70.2505
931	-61.7237
932	-72.5148
933	-82.3703
934	-76.7537
935	-73.6151
936	-66.5348
937	-73.453
938	-71.4981
939	-61.7237
940	-78.1609
941	-65.6605
942	-68.61
943	-75.0763
944	-90.2537
945	-64.7027
946	-65.7661
947	-66.4169
948	-72.9397
949	-75.1696
950	-70.5992
951	-65.7464
952	-71.9377
953	-80.408
954	-64.882
955	-72.5615
956	-65.9404
957	-65.3854
958	-63.9217
959	-65.9601
960	-68.4381
961	-93.8098
962	-67.689
963	-63.7842
964	-68.4749
965	-64.8599
966	-68.524
967	-65.1816
968	-61.9766
969	-63.9708
970	-74.4329
971	-66.3997
972	-61.9865
973	-60.5645
974	-56.7579
975	-53.9656
976	-35.318
977	-60.6235
978	-55.8271
979	-53.9901
980	-53.0299
981	-48.4104
982	-44.9279
983	-36.4306
984	-44.977
985	-34.515
986	-42.0054
987	-48.57
988	-51.1609
989	-55.1198
990	-55.1272
991	-55.2844
992	-54.054
993	-58.9363
994	-60.2919
995	-64.5111
996	-68.6198
997	-61.2301
998	-62.4875
999	-63.7326
1000	-60.9452
1001	-65.6212
1002	-62.9737
1003	-69.3787
1004	-65.6727
1005	-68.5805
1006	-63.5435
1007	-69.8379
1008	-65.8152
1009	-68.1213
1010	-70.6214
1011	-67.942
1012	-65.6457
1013	-74.4255
1014	-65.4001
1015	-70.3438
1016	-68.0107
1017	-70.6999
1018	-72.505
1019	-69.8551
1020	-73.9024
1021	-71.4981
1022	-61.2276
1023	-59.9776
1024	-63.3863
1025	-68.6419
1026	-78.9149
1027	-62.7699
1028	-73.1386
1029	-68.8531
1030	-70.3021
1031	-67.4876
1032	-67.3108
1033	-64.5136
1034	-73.9491
1035	-70.4445
1036	-64.2287
1037	-78.1904
1038	-69.7937
1039	-70.8227
1040	-65.852
1041	-66.9179
1042	-79.465
1043	-66.6305
1044	-69.5801
1045	-70.2603
1046	-70.3021
1047	-64.2361
1048	-86.5674
1049	-79.7425
1050	-71.476
1051	-74.1627
1052	-73.6175
1053	-64.8353
1054	-63.8652
1055	-74.7104
1056	-79.3569
1057	-70.9504
1058	-73.6396
1059	-77.5003
1060	-71.0831
1061	-67.775
1062	-69.1208
1063	-62.8264
1064	-71.8395
1065	-71.4539
1066	-68.89
1067	-62.9664
1068	-73.1828
1069	-64.1452
1070	-70.5477
1071	-70.2898
1072	-69.3467
1073	-71.2083
1074	-64.3196
1075	-73.8484
1076	-69.2608
1077	-74.0031
1078	-74.87
1079	-63.8333
1080	-67.4582
1081	-64.5259
1082	-72.6254
1083	-71.3999
1084	-73.5316
1085	-71.1788
1086	-72.09
1087	-74.1284
1088	-74.6588
1089	-66.5642
1090	-73.6912
1091	-66.1836
1092	-70.4986
1093	-70.2039
1094	-68.2072
1095	-77.5126
1096	-69.3541
1097	-75.3268
1098	-70.4863
1099	-81.6753
1100	-72.5492
1101	-76.6014
1102	-75.2384
1103	-88.0557
1104	-67.8487
1105	-96.5972
1106	-71.7118
1107	-66.6355
1108	-65.9011
1109	-63.5116
1110	-65.2061
1111	-75.4963
1112	-70.2309
1113	-69.4646
1114	-79.6172
1115	-70.9455
1116	-73.2712
1117	-74.843
1118	-71.9451
1119	-75.6657
1120	-71.6577
1121	-67.3035
1122	-63.9536
1123	-72.4166
1124	-70.6263
1125	-63.767
1126	-81.1522
1127	-69.558
1128	-76.2625
1129	-66.105
1130	-68.2244
1131	-79.131
1132	-70.614
1133	-70.2333
1134	-77.9718
1135	-68.9636
1136	-70.501
1137	-71.6577
1138	-69.4818
1139	-72.0826
1140	-70.722
1141	-92.5647
1142	-64.6265
1143	-83.8561
1144	-68.4233
1145	-68.831
1146	-71.8002
1147	-71.1297
1148	-68.3914
1149	-74.3862
1150	-69.0815
1151	-67.3477
1152	-78.0553
1153	-67.5466
1154	-70.3586
1155	-74.3518
1156	-78.6251
1157	-81.8521
1158	-68.4847
1159	-68.4946
1160	-76.7463
1161	-76.1201
1162	-66.0681
1163	-66.5544
1164	-75.8573
1165	-71.1224
1166	-68.9833
1167	-70.2824
1168	-60.6382
1169	-64.3367
1170	-59.1254
1171	-63.5754
1172	-46.146
1173	-60.314
1174	-69.3345
1175	-76.6309
1176	-77.2891
1177	-68.9784
1178	-63.573
1179	-76.6334
1180	-63.6712
1181	-65.2454
1182	-65.2405
1183	-69.6415
1184	-64.6585
1185	-64.8991
1186	-65.5254
1187	-69.8699
1188	-72.063
1189	-71.5104
1190	-77.6746
1191	-67.5662
1192	-69.666
1193	-68.3791
1194	-71.9524
1195	-75.4766
1196	-68.9121
1197	-75.7566
1198	-67.6522
1199	-70.1032
1200	-68.3374
1201	-74.7816
1202	-77.2424
1203	-71.1666
1204	-70.1768
1205	-73.2049
1206	-73.4235
1207	-69.4081
1208	-69.3615
1209	-79.5092
1210	-63.6147
1211	-71.5399
1212	-74.0792
1213	-67.387
1214	-63.3863
1215	-65.3068
1216	-70.0884
1217	-64.8058
1218	-65.7612
1219	-67.4484
1220	-64.6462
1221	-71.6455
1222	-72.0335
1223	-66.1639
1224	-66.0681
1225	-68.6787
1226	-69.7348
1227	-66.579
1228	-40.6178
1229	-61.5911
1230	-71.3925
1231	-65.6752
1232	-68.163
1233	-70.3733
1234	-81.4739
1235	-70.0049
1236	-68.7009
1237	-74.1676
1238	-81.4714
1239	-77.8392
1240	-76.5228
1241	-82.0265
1242	-72.5394
1243	-65.0367
1244	-67.8364
1245	-69.0643
1246	-81.4493
1247	-66.2695
1248	-66.412
1249	-71.4097
1250	-74.983
1251	-60.0684
1252	-60.8911
1253	-66.7386
1254	-67.915
1255	-75.8229
1256	-71.7412
1257	-71.6234
1258	-67.7357
1259	-69.0398
1260	-66.8417
1261	-76.4197
1262	-72.8857
1263	-74.4255
1264	-70.641
1265	-71.8591
1266	-72.311
1267	-77.7262
1268	-63.7694
1269	-70.3831
1270	-75.1451
1271	-68.5903
1272	-67.5417
1273	-82.0068
1274	-69.1797
1275	-68.8924
1276	-68.8998
1277	-69.0791
1278	-73.9712
1279	-76.5646
1280	-64.7665
1281	-65.2331
1282	-65.049
1283	-72.4117
1284	-89.4408
1285	-91.6216
1286	-64.8328
1287	-75.9482
1288	-67.9665
1289	-80.5726
1290	-72.5836
1291	-63.9463
1292	-73.9736
1293	-79.3373
1294	-68.2539
1295	-69.4155
1296	-69.192
1297	-73.8017
1298	-72.0605
1299	-63.1137
1300	-62.7453
1301	-60.9034
1302	-63.6958
1303	-70.1916
1304	-68.5535
1305	-61.3185
1306	-70.894
1307	-67.8585
1308	-64.4669
1309	-60.8027
1310	-63.9045
1311	-59.2555
1312	-54.5771
1313	-47.9192
1314	-37.7395
1315	-50.6108
1316	-57.5732
1317	-60.1691
1318	-66.0608
1319	-64.3048
1320	-72.2619
1321	-61.0581
1322	-60.6873
1323	-62.7257
1324	-65.9454
1325	-63.5558
1326	-64.769
1327	-68.6149
1328	-72.5148
1329	-75.0935
1330	-76.9452
1331	-74.5581
1332	-70.8522
1333	-72.6548
1334	-71.2034
1335	-68.0451
1336	-73.9663
1337	-62.5955
1338	-75.9236
1339	-66.0485
1340	-68.4774
1341	-70.6091
1342	-71.9377
1343	-69.4843
1344	-67.6129
1345	-69.1527
1346	-77.2473
1347	-68.9145
1348	-67.9936
1349	-64.1796
1350	-66.9916
1351	-64.8991
1352	-69.7151
1353	-67.0554
1354	-72.9323
1355	-83.0776
1356	-71.6602
1357	-64.2041
1358	-70.3144
1359	-69.9312
1360	-75.9776
1361	-69.2731
1362	-65.2626
1363	-70.8301
1364	-67.5319
1365	-63.9021
1366	-76.3607
1367	-65.8152
1368	-56.7972
1369	-70.6017
1370	-66.3899
1371	-69.6513
1372	-78.4826
1373	-63.8407
1374	-75.43
1375	-71.7854
1376	-66.7337
1377	-81.1252
1378	-67.3206
1379	-71.5227
1380	-68.9342
1381	-76.8126
1382	-89.4015
1383	-71.9451
1384	-71.9107
1385	-67.0652
1386	-77.4413
1387	-72.257
1388	-82.8959
1389	-77.3554
1390	-78.6766
1391	-74.4157
1392	-70.7564
1393	-81.7686
1394	-69.2264
1395	-73.4579
1396	-74.3715
1397	-67.608
1398	-71.1788
1399	-89.5415
1400	-71.6135
1401	-80.0765
1402	-68.5633
1403	-67.3526
1404	-76.6334
1405	-70.5354
1406	-74.8185
1407	-68.1164
1408	-68.6002
1409	-67.7995
1410	-74.1775
1411	-76.599
1412	-71.8149
1413	-69.5137
1414	-74.342
1415	-68.2932
1416	-87.368
1417	-72.23
1418	-71.0266
1419	-64.5234
1420	-73.0134
1421	-73.6175
1422	-66.52
1423	-76.9035
1424	-69.1331
1425	-81.4076
1426	-69.8649
1427	-68.217
1428	-70.361
1429	-70.5968
1430	-64.8279
1431	-68.7033
1432	-66.2916
1433	-78.2002
1434	-68.6542
1435	-65.0072
1436	-78.657
1437	-65.1202
1438	-73.5168
1439	-81.5009
1440	-72.1759
1441	-70.8768
1442	-71.8321
1443	-63.8014
1444	-75.43
1445	-72.8881
1446	-67.9813
1447	-67.4336
1448	-75.5552
1449	-69.779
1450	-65.4222
1451	-66.8
1452	-72.8464
1453	-68.2048
1454	-67.6989
1455	-73.065
1456	-74.3175
1457	-62.2542
1458	-65.1128
1459	-62.8706
1460	-79.9463
1461	-71.5104
1462	-71.39
1463	-75.2261
1464	-74.8406
1465	-79.3496
1466	-73.4014
1467	-64.5357
1468	-69.6807
1469	-60.6505
1470	-59.7246
1471	-57.8041
1472	-50.908
1473	-56.026
1474	-43.9922
1475	-57.6666
1476	-59.6534
1477	-65.1988
1478	-65.0465
1479	-65.8005
1480	-68.1311
1481	-63.0425
1482	-73.7673
1483	-62.291
1484	-64.3932
1485	-73.8607
1486	-67.1929
1487	-68.5191
1488	-72.3503
1489	-76.9919
1490	-69.9509
1491	-80.4645
1492	-81.6507
1493	-82.4857
1494	-74.288
1495	-68.3128
1496	-77.4143
1497	-79.6516
1498	-65.9036
1499	-73.3793
1500	-70.5133
1501	-68.2858
1502	-65.9011
1503	-62.7895
1504	-77.5224
1505	-76.1324
1506	-74.175
1507	-73.1141
1508	-74.6097
1509	-67.3771
1510	-75.0002
1511	-68.7352
1512	-76.9133
1513	-69.3075
1514	-69.4843
1515	-70.3831
1516	-68.1753
1517	-86.5993
1518	-94.1684
1519	-76.7144
1520	-72.564
1521	-69.2289
1522	-75.8033
1523	-60.8297
1524	-64.6241
1525	-62.3475
1526	-66.1197
1527	-70.6385
1528	-72.2643
1529	-69.5359
1530	-85.9927
1531	-73.728
1532	-73.4874
1533	-70.8375
1534	-69.3689
1535	-67.5466
1536	-69.9484
1537	-73.6274
1538	-70.3905
1539	-70.3512
1540	-66.4267
1541	-69.9116
1542	-74.8577
1543	-77.5961
1544	-68.8531
1545	-74.0645
1546	-68.055
1547	-71.9402
1548	-79.546
1549	-75.9334
1550	-68.8457
1551	-73.0478
1552	-74.0399
1553	-68.3423
1554	-61.2153
1555	-72.6941
1556	-66.5912
1557	-73.4579
1558	-72.9888
1559	-76.071
1560	-76.8396
1561	-69.1257
1562	-72.2521
1563	-72.2742
1564	-67.0038
1565	-59.3538
1566	-71.3729
1567	-69.8379
1568	-76.6334
1569	-65.8987
1570	-62.7281
1571	-70.2874
1572	-68.1385
1573	-68.2244
1574	-73.3891
1575	-67.495
1576	-68.5707
1577	-75.1181
1578	-67.2175
1579	-73.2663
1580	-81.3732
1581	-74.0768
1582	-73.2442
1583	-89.3475
1584	-79.4011
1585	-74.7448
1586	-92.852
1587	-71.5816
1588	-75.2286
1589	-80.7641
1590	-74.0203
1591	-71.9917
1592	-66.0411
1593	-68.6837
1594	-69.9337
1595	-65.1226
1596	-71.3458
1597	-80.7445
1598	-73.3916
1599	-67.7013
1600	-65.5377
1601	-75.6117
1602	-67.1168
1603	-69.8404
1604	-78.8756
1605	-69.3467
1606	-75.9752
1607	-74.7669
1608	-72.2864
1609	-66.6576
1610	-70.6877
1611	-77.8637
1612	-68.8826
1613	-67.6375
1614	-77.2007
1615	-67.1168
1616	-64.4988
1617	-70.4691
1618	-74.455
1619	-66.773
1620	-80.0839
1621	-74.4427
1622	-77.8785
1623	-82.5447
1624	-67.6817
1625	-92.992
1626	-69.8699
1627	-77.461
1628	-65.9429
1629	-70.1523
1630	-71.5595
1631	-70.4028
1632	-73.0379
1633	-75.5429
1634	-69.6341
1635	-71.5055
1636	-67.9322
1637	-69.1527
1638	-77.908
1639	-69.1847
1640	-67.8118
1641	-62.3573
1642	-60.1396
1643	-54.2111
1644	-60.8961
1645	-67.0701
1646	-66.6428
1647	-66.1271
1648	-67.3108
1649	-67.9076
1650	-66.2229
1651	-70.3389
1652	-82.3114
1653	-63.907
1654	-67.1144
1655	-69.8207
1656	-69.0643
1657	-70.42
1658	-77.9669
1659	-76.0366
1660	-67.1684
1661	-75.2089
1662	-74.4525
1663	-71.309
1664	-74.3936
1665	-68.8826
1666	-63.1088
1667	-70.1842
1668	-65.6163
1669	-67.0038
1670	-68.222
1671	-79.1924
1672	-70.3463
1673	-72.8857
1674	-68.1164
1675	-69.1896
1676	-66.2744
1677	-72.0752
1678	-76.987
1679	-77.2547
1680	-81.7121
1681	-69.2682
1682	-66.38
1683	-76.6947
1684	-81.97
1685	-70.334
1686	-68.1188
1687	-71.4735
1688	-71.8149
1689	-71.6823
1690	-69.3296
1691	-62.8288
1692	-82.8909
1693	-70.054
1694	-69.9951
1695	-71.1543
1696	-70.307
1697	-73.841
1698	-72.3135
1699	-74.7939
1700	-74.5999
1701	-70.3463
1702	-71.643
1703	-76.3509
1704	-70.3758
1705	-75.9162
1706	-71.4539
1707	-71.0511
1708	-75.8426
1709	-75.1402
1710	-74.7055
1711	-69.9288
1712	-71.5939
1713	-72.7285
1714	-74.7964
1715	-70.0516
1716	-77.0803
1717	-73.4112
1718	-67.5196
1719	-66.0117
1720	-58.4746
1721	-68.1065
1722	-87.5866
1723	-77.0509
1724	-66.6011
1725	-80.1698
1726	-72.2791
1727	-74.5262
1728	-72.1317
1729	-68.6444
1730	-74.8848
1731	-78.8387
1732	-69.7495
1733	-72.2201
1734	-78.6914
1735	-73.7944
1736	-67.107
1737	-71.5079
1738	-68.6738
1739	-73.2418
1740	-64.4964
1741	-71.5767
1742	-77.8343
1743	-86.0467
1744	-69.8969
1745	-65.8422
1746	-66.7018
1747	-73.954
1748	-75.4865
1749	-69.0545
1750	-68.1974
1751	-72.09
1752	-72.9888
1753	-75.9211
1754	-69.887
1755	-69.3664
1756	-67.8855
1757	-71.2083
1758	-70.0639
1759	-65.4689
1760	-73.0134
1761	-61.0532
1762	-58.7201
1763	-63.5067
1764	-73.6396
1765	-72.731
1766	-76.0366
1767	-75.1696
1768	-71.0094
1769	-82.4391
1770	-76.7512
1771	-72.6794
1772	-83.5614
1773	-66.2572
1774	-70.2898
1775	-74.1775
1776	-68.1802
1777	-74.9191
1778	-68.718
1779	-71.6946
1780	-68.4995
1781	-65.1816
1782	-63.1334
1783	-68.6886
1784	-88.8784
1785	-76.0464
1786	-69.2927
1787	-78.8044
1788	-72.7138
1789	-77.6157
1790	-74.9167
1791	-71.5963
1792	-65.1325
1793	-70.7294
1794	-78.9149
1795	-71.449
1796	-68.389
1797	-77.8613
1798	-67.1487
1799	-71.503
1800	-70.8522
1801	-71.8812
1802	-66.8123
1803	-82.5717
1804	-83.4754
1805	-70.4715
1806	-71.7953
1807	-64.4178
1808	-72.9151
1809	-69.2534
1810	-73.2983
1811	-70.1228
1812	-72.0212
1813	-69.72
1814	-64.7125
1815	-74.1603
1816	-77.5862
1817	-82.3506
1818	-73.6666
1819	-66.2106
1820	-74.3494
1821	-73.4211
1822	-72.1121
1823	-66.2843
1824	-70.4986
1825	-74.9241
1826	-75.8155
1827	-67.7652
1828	-69.3664
1829	-69.9632
1830	-72.0998
1831	-70.7662
1832	-73.3228
1833	-73.5365
1834	-77.4094
1835	-73.0306
1836	-76.1053
1837	-67.996
1838	-74.5827
1839	-63.3323
1840	-70.027
1841	-70.555
1842	-80.1207
1843	-77.4266
1844	-73.8779
1845	-75.9703
1846	-74.622
1847	-67.3231
1848	-67.7873
1849	-71.5325
1850	-71.6062
1851	-69.9804
1852	-80.0298
1853	-82.4096
1854	-75.5208
1855	-75.9285
1856	-68.637
1857	-79.5829
1858	-78.0283
1859	-74.6932
1860	-64.2213
1861	-64.9114
1862	-70.7933
1863	-74.4722
1864	-65.5598
1865	-70.6066
1866	-72.0237
