LECROYWS24Xs-A	49590	Waveform
Segments	1	SegmentSize	1912
Segment	TrigTime	TimeSinceSegment1
#1	03-Jan-2003 01:55:41	0                 
Time	Ampl
0	-117.958
0.9765625	-45.5763
1.953125	-52.6443
2.929688	-53.8477
3.90625	-52.939
4.882813	-68.9317
5.859375	-50.2179
6.835938	-52.5829
7.8125	-51.3869
8.789063	-50.7729
9.765625	-60.9329
10.74219	-47.3813
11.71875	-63.713
12.69531	-55.8099
13.67188	-68.61
14.64844	-59.6583
15.625	-49.1226
16.60156	-53.2263
17.57813	-61.343
18.55469	-52.0451
19.53125	-56.4951
20.50781	-66.5004
21.48438	-50.1246
22.46094	-53.8501
23.4375	-54.2455
24.41406	-58.0571
25.39063	-48.3858
26.36719	-49.3829
27.34375	-53.86
28.32031	-45.3822
29.29688	-48.0272
30.27344	-53.0299
31.25	-51.9124
32.22656	-59.4815
33.20313	-52.6811
34.17969	-56.3281
35.15625	-59.005
36.13281	-49.0906
37.10938	-50.7827
38.08594	-59.3267
39.0625	-57.7059
40.03906	-57.5831
41.01563	-66.8639
41.99219	-50.0509
42.96875	-54.3192
43.94531	-55.0805
44.92188	-66.7042
45.89844	-53.5431
46.875	-56.4509
47.85156	-71.3065
48.82813	-46.9442
49.80469	-30.8631
50.78125	-40.8119
51.75781	-41.4921
52.73438	-51.1806
53.71094	-57.8753
54.6875	-59.2138
55.66406	-51.6669
56.64063	-80.5259
57.61719	-48.5233
58.59375	-53.3884
59.57031	-49.3534
60.54688	-45.3577
61.52344	-34.2645
62.5	-45.8587
63.47656	-48.6879
64.45313	-50.5077
65.42969	-52.3226
66.40625	-56.9347
67.38281	-47.8823
68.35938	-62.8092
69.33594	-51.8486
70.3125	-53.6979
71.28906	-57.8508
72.26563	-57.7771
73.24219	-54.9897
74.21875	-66.2695
75.19531	-57.7648
76.17188	-64.2238
77.14844	-49.1447
78.125	-50.0754
79.10156	-54.7809
80.07813	-55.1321
81.05469	-48.6559
82.03125	-36.8456
83.00781	-38.8201
83.98438	-49.0391
84.96094	-54.1792
85.9375	-64.128
86.91406	-68.5977
87.89063	-53.7765
88.86719	-55.498
89.84375	-55.9769
90.82031	-50.6231
91.79688	-53.9778
92.77344	-52.2514
93.75	-54.8767
94.72656	-59.452
95.70313	-50.1295
96.67969	-58.9068
97.65625	-56.1857
98.63281	-56.139
99.60938	-49.8667
100.5859	-53.1453
101.5625	-57.3277
102.5391	-62.7478
103.5156	-53.9287
104.4922	-57.4259
105.4688	-60.0782
106.4453	-53.7396
107.4219	-46.539
108.3984	-49.7513
109.375	-37.6438
110.3516	-32.1205
111.3281	-45.0163
112.3047	-49.8544
113.2813	-57.0477
114.2578	-58.2167
115.2344	-51.4532
116.2109	-54.4739
117.1875	-67.9469
118.1641	-55.6356
119.1406	-54.2431
120.1172	-53.5088
121.0938	-44.0855
122.0703	-34.1982
123.0469	-34.9055
124.0234	-43.1449
125	-52.3177
125.9766	-46.9442
126.9531	-60.7905
127.9297	-51.9198
128.9063	-54.0589
129.8828	-49.9305
130.8594	-60.4491
131.8359	-54.0294
132.8125	-54.0122
133.7891	-53.0299
134.7656	-50.4561
135.7422	-51.9738
136.7188	-57.394
137.6953	-51.8658
138.6719	-50.348
139.6484	-53.8992
140.625	-56.4558
141.6016	-49.8741
142.5781	-55.9867
143.5547	-50.4512
144.5313	-48.3956
145.5078	-29.4976
146.4844	-50.9939
147.4609	-50.2252
148.4375	-53.9975
149.4141	-60.5792
150.3906	-47.175
151.3672	-55.3752
152.3438	-51.016
153.3203	-47.315
154.2969	-53.5874
155.2734	-52.438
156.25	-52.438
157.2266	-49.3804
158.2031	-48.3342
159.1797	-50.8687
160.1563	-45.3282
161.1328	-46.0331
162.1094	-44.4515
163.0859	-38.7587
164.0625	-34.6893
165.0391	-30.7378
166.0156	-37.1796
166.9922	-40.834
167.9688	-45.3921
168.9453	-52.1703
169.9219	-52.6345
170.8984	-49.2208
171.875	-52.7401
172.8516	-55.2033
173.8281	-49.3485
174.8047	-55.5005
175.7813	-53.0078
176.7578	-58.6465
177.7344	-57.0452
178.7109	-47.5729
179.6875	-49.1201
180.6641	-49.3387
181.6406	-45.7973
182.6172	-43.7908
183.5938	-36.2562
184.5703	-32.4692
185.5469	-40.5368
186.5234	-44.3729
187.5	-47.4354
188.4766	-53.6758
189.4531	-53.413
190.4297	-57.868
191.4063	-55.3924
192.3828	-61.1809
193.3594	-55.2058
194.3359	-49.5032
195.3125	-35.1903
196.2891	-48.8573
197.2656	-49.2306
198.2422	-49.8863
199.2188	-54.5869
200.1953	-55.1125
201.1719	-55.9867
202.1484	-57.9122
203.125	-57.8901
204.1016	-58.3763
205.0781	-57.7427
206.0547	-56.446
207.0313	-51.5097
208.0078	-50.4831
208.9844	-62.2714
209.9609	-51.3525
210.9375	-56.8782
211.9141	-53.3835
212.8906	-48.4693
213.8672	-49.5622
214.8438	-55.358
215.8203	-58.7054
216.7969	-46.5684
217.7734	-49.238
218.75	-44.7806
219.7266	-41.696
220.7031	-39.692
221.6797	-47.7718
222.6563	-55.2352
223.6328	-60.6357
224.6094	-60.5842
225.5859	-52.0794
226.5625	-54.2382
227.5391	-60.7364
228.5156	-52.4184
229.4922	-51.5686
230.4688	-60.1519
231.4453	-61.8416
232.4219	-59.2948
233.3984	-64.4399
234.375	-58.1185
235.3516	-56.6105
236.3281	-52.3987
237.3047	-56.8267
238.2813	-54.5378
239.2578	-51.7626
240.2344	-62.9123
241.2109	-53.1723
242.1875	-61.4364
243.1641	-49.125
244.1406	-50.0018
245.1172	-41.9735
246.0938	-39.5962
247.0703	-36.8137
248.0469	-40.2175
249.0234	-45.5296
250	-50.1196
250.9766	-51.9124
251.9531	-60.0267
252.9297	-51.3353
253.9063	-61.4486
254.8828	-50.8196
255.8594	-55.7485
256.8359	-50.1639
257.8125	-59.6632
258.7891	-53.2779
259.7656	-60.1691
260.7422	-52.4282
261.7188	-52.6541
262.6953	-53.9582
263.6719	-58.5605
264.6484	-55.9622
265.625	-58.6686
266.6016	-58.0571
267.5781	-57.782
268.5547	-57.0207
269.5313	-56.78
270.5078	-54.8644
271.4844	-52.2882
272.4609	-68.75
273.4375	-57.1533
274.4141	-51.3157
275.3906	-59.8179
276.3672	-51.9935
277.3438	-56.6769
278.3203	-56.0138
279.2969	-63.9217
280.2734	-50.9448
281.25	-53.4891
282.2266	-59.8179
283.2031	-49.8151
284.1797	-51.9247
285.1563	-47.3445
286.1328	-52.9857
287.1094	-55.7362
288.0859	-49.9797
289.0625	-44.7241
290.0391	-40.5589
291.0156	-34.849
291.9922	-32.6976
292.9688	-43.4568
293.9453	-51.8191
294.9219	-50.3235
295.8984	-51.3648
296.875	-47.342
297.8516	-50.0165
298.8281	-54.8276
299.8047	-59.4987
300.7813	-52.3029
301.7578	-53.1576
302.7344	-49.2404
303.7109	-55.6135
304.6875	-51.2027
305.6641	-63.7449
306.6406	-49.5695
307.6172	-53.327
308.5938	-50.7484
309.5703	-53.8796
310.5469	-69.2436
311.5234	-53.1453
312.5	-53.6487
313.4766	-51.5686
314.4531	-50.2081
315.4297	-45.758
316.4063	-49.9256
317.3828	-45.9176
318.3594	-46.2394
319.3359	-44.7216
320.3125	-48.8917
321.2891	-46.205
322.2656	-41.8875
323.2422	-43.533
324.2188	-39.0854
325.1953	-36.8579
326.1719	-33.3705
327.1484	-30.9515
328.125	-23.6501
329.1016	-26.7961
330.0781	-24.4262
331.0547	-22.8299
332.0313	-31.008
333.0078	-35.0356
333.9844	-38.297
334.9609	-40.333
335.9375	-38.8422
336.9141	-43.1523
337.8906	-44.1617
338.8672	-44.6897
339.8438	-44.8812
340.8203	-45.4265
341.7969	-47.8283
342.7734	-47.9167
343.75	-48.1991
344.7266	-51.215
345.7031	-58.7815
346.6797	-47.8774
347.6563	-51.4753
348.6328	-52.298
349.6094	-52.7499
350.5859	-51.35
351.5625	-51.5367
352.5391	-52.6566
353.5156	-53.1772
354.4922	-55.7485
355.4688	-50.4684
356.4453	-70.0712
357.4219	-50.0582
358.3984	-46.6642
359.375	-53.273
360.3516	-58.3125
361.3281	-57.6715
362.3047	-53.1895
363.2813	-48.8401
364.2578	-46.0969
365.2344	-54.5648
366.2109	-47.6785
367.1875	-52.1114
368.1641	-50.5347
369.1406	-38.1349
370.1172	-53.3982
371.0938	-52.8997
372.0703	-50.3161
373.0469	-55.3752
374.0234	-51.3525
375	-49.0538
375.9766	-49.9109
376.9531	-45.6868
377.9297	-52.158
378.9063	-49.1422
379.8828	-48.9384
380.8594	-54.3389
381.8359	-51.549
382.8125	-47.7522
383.7891	-50.0067
384.7656	-54.2799
385.7422	-45.7899
386.7188	-46.2074
387.6953	-43.4396
388.6719	-37.936
389.6484	-28.2549
390.625	-27.6336
391.6016	-35.0233
392.5781	-40.0505
393.5547	-41.5462
394.5313	-45.3233
395.5078	-46.8852
396.4844	-46.9835
397.4609	-48.3637
398.4375	-48.7173
399.4141	-53.9508
400.3906	-53.133
401.3672	-54.7465
402.3438	-47.9364
403.3203	-50.0018
404.2969	-52.4847
405.2734	-48.8303
406.25	-49.0661
407.2266	-57.0452
408.2031	-49.8348
409.1797	-48.8524
410.1563	-64.5087
411.1328	-49.2503
412.1094	-46.6642
413.0859	-36.4699
414.0625	-49.5008
415.0391	-52.4576
416.0156	-60.9059
416.9922	-59.533
417.9688	-58.8331
418.9453	-57.0403
419.9219	-60.6284
420.8984	-57.7402
421.875	-62.2492
422.8516	-51.8609
423.8281	-48.015
424.8047	-57.0035
425.7813	-47.5385
426.7578	-57.7452
427.7344	-55.5963
428.7109	-55.7338
429.6875	-58.7619
430.6641	-54.0147
431.6406	-48.9359
432.6172	-48.3711
433.5938	-48.9457
434.5703	-49.4394
435.5469	-43.9284
436.5234	-39.7092
437.5	-22.4517
438.4766	-41.1802
439.4531	-46.1608
440.4297	-38.5574
441.4063	-29.1906
442.3828	-41.3964
443.3594	-47.8013
444.3359	-48.931
445.3125	-50.0877
446.2891	-54.3904
447.2656	-49.1496
448.2422	-45.2521
449.2188	-49.9256
450.1953	-48.6437
451.1719	-48.2704
452.1484	-60.982
453.125	-62.0626
454.1016	-50.6624
455.0781	-51.4139
456.0547	-47.8872
457.0313	-54.582
458.0078	-58.364
458.9844	-52.3447
459.9609	-56.4681
460.9375	-58.7324
461.9141	-53.7544
462.8906	-61.1073
463.8672	-51.5514
464.8438	-58.6931
465.8203	-54.8718
466.7969	-55.0167
467.7734	-62.8141
468.75	-63.4256
469.7266	-58.9829
470.7031	-58.8208
471.6797	-55.4612
472.6563	-53.0102
473.6328	-61.6205
474.6094	-53.9901
475.5859	-55.7043
476.5625	-57.6248
477.5391	-52.0328
478.5156	-58.6489
479.4922	-61.5297
480.4688	-50.6992
481.4453	-54.5009
482.4219	-62.5636
483.3984	-52.3471
484.375	-51.1241
485.3516	-49.3706
486.3281	-53.2656
487.3047	-52.3127
488.2813	-47.4206
489.2578	-44.9967
490.2344	-36.6688
491.2109	-33.7979
492.1875	-42.4131
493.1641	-56.5442
494.1406	-49.9035
495.1172	-56.0408
496.0938	-53.3393
497.0703	-62.5832
498.0469	-61.5223
499.0234	-53.5628
500	-54.6925
500.9766	-50.8564
501.9531	-58.6416
502.9297	-61.5763
503.9063	-60.3042
504.8828	-54.9676
505.8594	-67.5883
506.8359	-61.1687
507.8125	-56.0432
508.7891	-61.009
509.7656	-60.6849
510.7422	-61.9889
511.7188	-56.559
512.6953	-56.0457
513.6719	-73.4039
514.6484	-56.2913
515.625	-49.1545
516.6016	-56.5811
517.5781	-57.3743
518.5547	-67.608
519.5313	-58.9043
520.5078	-51.6104
521.4844	-62.0552
522.4609	-58.4721
523.4375	-62.6471
524.4141	-59.2752
525.3906	-49.5965
526.3672	-60.6308
527.3438	-55.3286
528.3203	-69.7397
529.2969	-56.8168
530.2734	-62.8608
531.25	-60.9845
532.2266	-51.8854
533.2031	-49.6948
534.1797	-59.3685
535.1563	-58.6759
536.1328	-55.4022
537.1094	-70.5035
538.0859	-74.008
539.0625	-68.6026
540.0391	-54.6286
541.0156	-56.5614
541.9922	-59.2334
542.9688	-53.7249
543.9453	-54.0908
544.9219	-59.9235
545.8984	-59.4618
546.875	-55.0167
547.8516	-55.7141
548.8281	-53.968
549.8047	-56.7775
550.7813	-49.2306
551.7578	-53.6709
552.7344	-52.2538
553.7109	-51.5342
554.6875	-59.9849
555.6641	-62.3573
556.6406	-61.0704
557.6172	-54.8521
558.5938	-55.2868
559.5703	-54.5844
560.5469	-56.3576
561.5234	-54.7907
562.5	-49.7856
563.4766	-59.9923
564.4531	-56.2839
565.4297	-63.1506
566.4063	-51.0701
567.3828	-61.709
568.3594	-56.6523
569.3359	-61.2423
570.3125	-52.3398
571.2891	-54.5181
572.2656	-50.348
573.2422	-55.9008
574.2188	-57.001
575.1953	-53.0274
576.1719	-52.3422
577.1484	-59.9456
578.125	-49.378
579.1016	-53.4547
580.0781	-53.2484
581.0547	-56.7726
582.0313	-48.3097
583.0078	-54.1571
583.9844	-42.0668
584.9609	-43.1941
585.9375	-39.8786
586.9141	-67.7259
587.8906	-53.2558
588.8672	-58.229
589.8438	-64.3515
590.8203	-58.364
591.7969	-52.1114
592.7734	-67.3649
593.75	-57.949
594.7266	-56.9126
595.7031	-54.8841
596.6797	-59.9137
597.6563	-54.5451
598.6328	-60.5571
599.6094	-54.3487
600.5859	-61.9791
601.5625	-53.0029
602.5391	-62.4212
603.5156	-59.3489
604.4922	-56.9691
605.4688	-68.3079
606.4453	-74.8823
607.4219	-60.3656
608.3984	-58.3002
609.375	-52.352
610.3516	-53.9164
611.3281	-61.1785
612.3047	-60.7561
613.2813	-57.5978
614.2578	-54.2848
615.2344	-60.9575
616.2109	-58.7938
617.1875	-55.2623
618.1641	-59.3538
619.1406	-55.0707
620.1172	-68.3619
621.0938	-68.8408
622.0703	-53.9066
623.0469	-61.3651
624.0234	-52.9979
625	-58.6907
625.9766	-54.9356
626.9531	-58.4991
627.9297	-53.8379
628.9063	-53.4277
629.8828	-63.4993
630.8594	-61.7458
631.8359	-57.6985
632.8125	-59.84
633.7891	-57.8606
634.7656	-52.6983
635.7422	-53.1404
636.7188	-55.4194
637.6953	-57.2392
638.6719	-68.7303
639.6484	-51.048
640.625	-70.5428
641.6016	-72.7825
642.5781	-52.438
643.5547	-50.628
644.5313	-63.1211
645.5078	-56.6032
646.4844	-54.3855
647.4609	-58.9043
648.4375	-50.7091
649.4141	-61.5837
650.3906	-55.4342
651.3672	-52.8972
652.3438	-62.819
653.3203	-58.7914
654.2969	-57.6396
655.2734	-56.9249
656.25	-54.4076
657.2266	-44.7118
658.2031	-49.2601
659.1797	-51.9493
660.1563	-58.7005
661.1328	-52.3078
662.1094	-56.0359
663.0859	-54.6679
664.0625	-56.2913
665.0391	-51.6325
666.0156	-52.2906
666.9922	-65.604
667.9688	-56.5295
668.9453	-56.2029
669.9219	-69.4622
670.8984	-50.5691
671.875	-56.0211
672.8516	-57.3989
673.8281	-69.418
674.8047	-58.2511
675.7813	-66.7705
676.7578	-61.2055
677.7344	-52.6099
678.7109	-59.4741
679.6875	-79.6934
680.6641	-57.1508
681.6406	-52.7131
682.6172	-64.963
683.5938	-52.1679
684.5703	-57.7795
685.5469	-50.5863
686.5234	-66.2155
687.5	-53.9533
688.4766	-52.7695
689.4531	-73.6863
690.4297	-60.6529
691.4063	-52.7966
692.3828	-53.8673
693.3594	-57.5217
694.3359	-72.6548
695.3125	-50.4905
696.2891	-66.1934
697.2656	-62.1952
698.2422	-56.861
699.2188	-53.7863
700.1953	-60.9771
701.1719	-56.8733
702.1484	-63.2341
703.125	-57.7034
704.1016	-62.1559
705.0781	-62.5489
706.0547	-53.7249
707.0313	-58.4844
708.0078	-67.4312
708.9844	-54.9626
709.9609	-59.0075
710.9375	-61.2129
711.9141	-60.3656
712.8906	-60.4786
713.8672	-61.8244
714.8438	-53.0765
715.8203	-52.3619
716.7969	-60.8347
717.7734	-65.9503
718.75	-61.9889
719.7266	-59.4962
720.7031	-53.7494
721.6797	-57.2687
722.6563	-63.4305
723.6328	-49.2134
724.6094	-65.6089
725.5859	-58.8012
726.5625	-54.7932
727.5391	-62.7208
728.5156	-58.2437
729.4922	-55.6626
730.4688	-54.2455
731.4453	-54.7146
732.4219	-55.0191
733.3984	-53.5874
734.375	-59.9358
735.3516	-52.8555
736.3281	-60.3656
737.3047	-51.1364
738.2813	-54.0761
739.2578	-59.5183
740.2344	-56.198
741.2109	-59.2948
742.1875	-50.7827
743.1641	-52.4773
744.1406	-55.6527
745.1172	-63.3691
746.0938	-55.8075
747.0703	-56.7112
748.0469	-65.3682
749.0234	-52.298
750	-59.7565
750.9766	-55.5889
751.9531	-56.5786
752.9297	-66.1074
753.9063	-53.0372
754.8828	-56.7211
755.8594	-52.7106
756.8359	-55.2598
757.8125	-61.5788
758.7891	-63.2414
759.7656	-70.4593
760.7422	-55.1321
761.7188	-67.6399
762.6953	-59.98
763.6719	-58.1676
764.6484	-56.6818
765.625	-59.4667
766.6016	-64.182
767.5781	-53.3982
768.5547	-61.402
769.5313	-65.2037
770.5078	-73.4333
771.4844	-56.7456
772.4609	-53.6045
773.4375	-60.3337
774.4141	-55.0781
775.3906	-51.9174
776.3672	-59.366
777.3438	-52.6517
778.3203	-56.1464
779.2969	-63.5337
780.2734	-50.4905
781.25	-52.4159
782.2266	-51.9959
783.2031	-65.8938
784.1797	-63.5607
785.1563	-58.9878
786.1328	-63.573
787.1094	-58.9977
788.0859	-59.8941
789.0625	-58.0792
790.0391	-65.9478
791.0156	-52.0303
791.9922	-53.0151
792.9688	-62.7969
793.9453	-59.5208
794.9219	-53.0814
795.8984	-61.2915
796.875	-57.5438
797.8516	-56.9003
798.8281	-62.5415
799.8047	-53.6193
800.7813	-71.7167
801.7578	-64.8377
802.7344	-51.1904
803.7109	-57.2196
804.6875	-57.2098
805.6641	-60.2281
806.6406	-51.9444
807.6172	-63.4011
808.5938	-70.614
809.5703	-58.1823
810.5469	-80.2582
811.5234	-55.2475
812.5	-59.3808
813.4766	-67.1414
814.4531	-60.8911
815.4297	-63.9806
816.4063	-54.7048
817.3828	-67.4999
818.3594	-60.6136
819.3359	-61.5272
820.3125	-55.2917
821.2891	-56.5344
822.2656	-57.4603
823.2422	-56.834
824.2188	-54.2234
825.1953	-61.9398
826.1719	-62.539
827.1484	-52.5092
828.125	-51.2592
829.1016	-57.1238
830.0781	-57.7231
831.0547	-60.7733
832.0313	-51.9051
833.0078	-55.9131
833.9844	-49.9256
834.9609	-68.3202
835.9375	-60.2231
836.9141	-65.6752
837.8906	-59.1475
838.8672	-59.98
839.8438	-49.4173
840.8203	-57.8581
841.7969	-56.8193
842.7734	-56.4632
843.75	-52.352
844.7266	-65.4959
845.7031	-55.3679
846.6797	-50.6305
847.6563	-55.9745
848.6328	-56.9568
849.6094	-63.5902
850.5859	-58.9977
851.5625	-68.777
852.5391	-63.4207
853.5156	-54.5083
854.4922	-55.0879
855.4688	-62.097
856.4453	-59.9407
857.4219	-51.5637
858.3984	-56.8439
859.375	-57.087
860.3516	-56.0481
861.3281	-61.9005
862.3047	-68.2269
863.2813	-69.4843
864.2578	-54.1129
865.2344	-63.2734
866.2109	-59.8499
867.1875	-63.907
868.1641	-58.698
869.1406	-52.8457
870.1172	-62.9074
871.0938	-57.7132
872.0703	-52.4159
873.0469	-51.5244
874.0234	-53.7322
875	-60.2428
875.9766	-61.1564
876.9531	-68.2588
877.9297	-60.1544
878.9063	-59.1917
879.8828	-55.5889
880.8594	-57.3056
881.8359	-71.169
882.8125	-56.1513
883.7891	-59.6362
884.7656	-60.1642
885.7422	-61.2915
886.7188	-54.2136
887.6953	-63.8456
888.6719	-62.7257
889.6484	-71.81
890.625	-53.8059
891.6016	-52.1261
892.5781	-57.9195
893.5547	-63.5312
894.5313	-59.7565
895.5078	-55.53
896.4844	-65.8348
897.4609	-60.4933
898.4375	-55.4784
899.4141	-52.2317
900.3906	-57.7992
901.3672	-53.4375
902.3438	-64.0764
903.3203	-57.5806
904.2969	-56.1046
905.2734	-58.1725
906.25	-53.3933
907.2266	-56.7039
908.2031	-66.4562
909.1797	-59.0468
910.1563	-53.2607
911.1328	-57.0256
912.1094	-64.1476
913.0859	-54.889
914.0625	-64.9753
915.0391	-57.8016
916.0156	-53.8084
916.9922	-60.869
917.9688	-56.1488
918.9453	-58.703
919.9219	-50.4929
920.8984	-57.1877
921.875	-52.3889
922.8516	-61.6991
923.8281	-53.1355
924.8047	-60.4859
925.7813	-52.6713
926.7578	-61.3872
927.7344	-51.1094
928.7109	-53.6979
929.6875	-65.6777
930.6641	-60.9403
931.6406	-51.9198
932.6172	-60.1077
933.5938	-53.2828
934.5703	-47.3838
935.5469	-58.5605
936.5234	-53.3074
937.5	-65.9994
938.4766	-57.0796
939.4531	-57.696
940.4297	-58.4525
941.4063	-59.6902
942.3828	-57.2
943.3594	-56.139
944.3359	-52.2047
945.3125	-54.5992
946.2891	-63.5509
947.2656	-53.2042
948.2422	-57.0772
949.2188	-59.1745
950.1953	-57.6592
951.1719	-51.1757
952.1484	-55.0977
953.125	-53.5898
954.1016	-81.6041
955.0781	-61.65
956.0547	-62.5243
957.0313	-52.1163
958.0078	-54.9651
958.9844	-63.5631
959.9609	-54.027
960.9375	-63.4379
961.9141	-61.3651
962.8906	-52.8727
963.8672	-54.3315
964.8438	-52.4159
965.8203	-56.3257
966.7969	-52.4306
967.7734	-59.7074
968.75	-59.9997
969.7266	-51.8019
970.7031	-58.7447
971.6797	-63.4109
972.6563	-56.3478
973.6328	-57.8213
974.6094	-53.693
975.5859	-53.5554
976.5625	-53.3172
977.5391	-57.5782
978.5156	-55.2549
979.4922	-56.5786
980.4688	-67.0014
981.4453	-73.7501
982.4219	-56.3453
983.3984	-63.2365
984.375	-78.2542
985.3516	-58.978
986.3281	-58.4254
987.3047	-55.3089
988.2813	-53.5014
989.2578	-54.916
990.2344	-58.9314
991.2109	-57.254
992.1875	-69.8797
993.1641	-60.2477
994.1406	-55.331
995.1172	-57.7697
996.0938	-53.4474
997.0703	-61.6377
998.0469	-63.099
999.0234	-53.8182
1000	-66.4734
1000.977	-64.7272
1001.953	-56.3772
1002.93	-52.686
1003.906	-64.882
1004.883	-58.0767
1005.859	-56.7628
1006.836	-52.8359
1007.813	-64.322
1008.789	-59.1499
1009.766	-59.5723
1010.742	-64.7199
1011.719	-57.6567
1012.695	-60.7782
1013.672	-52.5952
1014.648	-66.5888
1015.625	-59.037
1016.602	-64.2999
1017.578	-65.4886
1018.555	-49.0243
1019.531	-65.4836
1020.508	-53.0642
1021.484	-50.3137
1022.461	-59.2457
1023.438	-59.8769
1024.414	-54.0196
1025.391	-57.701
1026.367	-57.4603
1027.344	-54.9455
1028.32	-56.7039
1029.297	-54.3315
1030.273	-55.196
1031.25	-62.1559
1032.227	-60.8641
1033.203	-55.9475
1034.18	-56.5418
1035.156	-55.8369
1036.133	-51.6374
1037.109	-60.1961
1038.086	-53.4842
1039.063	-52.8187
1040.039	-52.686
1041.016	-62.6422
1041.992	-53.0225
1042.969	-55.196
1043.945	-62.5538
1044.922	-67.9199
1045.898	-71.2402
1046.875	-62.4212
1047.852	-53.1993
1048.828	-53.7347
1049.805	-51.63
1050.781	-59.6313
1051.758	-59.673
1052.734	-51.8363
1053.711	-62.9615
1054.688	-53.4768
1055.664	-55.137
1056.641	-51.6619
1057.617	-52.9783
1058.594	-53.3467
1059.57	-77.6673
1060.547	-50.2424
1061.523	-50.3038
1062.5	-54.5501
1063.477	-54.2431
1064.453	-56.8856
1065.43	-54.9749
1066.406	-62.711
1067.383	-54.1473
1068.359	-58.2363
1069.336	-53.1453
1070.313	-57.9441
1071.289	-61.2792
1072.266	-58.0055
1073.242	-52.8629
1074.219	-53.5014
1075.195	-57.7525
1076.172	-62.2885
1077.148	-58.9289
1078.125	-54.1326
1079.102	-53.7593
1080.078	-58.0227
1081.055	-56.2372
1082.031	-57.2785
1083.008	-67.5932
1083.984	-53.9999
1084.961	-58.6784
1085.938	-77.1319
1086.914	-56.4386
1087.891	-54.0859
1088.867	-61.1146
1089.844	-74.6072
1090.82	-63.8087
1091.797	-57.2442
1092.773	-56.392
1093.75	-56.4018
1094.727	-54.4543
1095.703	-57.8164
1096.68	-50.7262
1097.656	-62.5366
1098.633	-57.5831
1099.609	-53.273
1100.586	-57.7894
1101.563	-53.7617
1102.539	-52.0254
1103.516	-72.6057
1104.492	-55.029
1105.469	-58.0546
1106.445	-59.2211
1107.422	-62.6004
1108.398	-56.4214
1109.375	-57.1705
1110.352	-49.8863
1111.328	-63.9168
1112.305	-58.8331
1113.281	-66.2229
1114.258	-53.9754
1115.234	-72.004
1116.211	-58.2634
1117.188	-59.4839
1118.164	-55.9278
1119.141	-55.3605
1120.117	-62.8116
1121.094	-56.667
1122.07	-58.2093
1123.047	-54.7932
1124.023	-54.0417
1125	-53.2239
1125.977	-63.1014
1126.953	-64.2532
1127.93	-64.5209
1128.906	-54.9332
1129.883	-53.5407
1130.859	-62.9688
1131.836	-62.0086
1132.813	-56.5295
1133.789	-55.196
1134.766	-57.028
1135.742	-66.0067
1136.719	-59.7148
1137.695	-61.4167
1138.672	-57.8409
1139.648	-62.9786
1140.625	-53.3516
1141.602	-53.4498
1142.578	-60.7413
1143.555	-52.5411
1144.531	-63.0916
1145.508	-59.6509
1146.484	-53.7986
1147.461	-52.772
1148.438	-62.2615
1149.414	-56.6646
1150.391	-58.7349
1151.367	-60.7291
1152.344	-56.4951
1153.32	-54.1792
1154.297	-62.2714
1155.273	-56.473
1156.25	-56.7358
1157.227	-56.9568
1158.203	-54.9356
1159.18	-66.8639
1160.156	-50.7459
1161.133	-60.2551
1162.109	-56.5172
1163.086	-55.4661
1164.063	-60.5768
1165.039	-68.971
1166.016	-54.0245
1166.992	-67.8708
1167.969	-57.2933
1168.945	-54.7956
1169.922	-57.5143
1170.898	-54.5206
1171.875	-59.6706
1172.852	-69.6488
1173.828	-54.0613
1174.805	-73.6298
1175.781	-61.0336
1176.758	-51.8068
1177.734	-56.5491
1178.711	-60.9796
1179.688	-54.4494
1180.664	-60.3901
1181.641	-51.6693
1182.617	-64.8083
1183.594	-52.1015
1184.57	-55.6478
1185.547	-58.4132
1186.523	-60.0611
1187.5	-55.5447
1188.477	-58.4574
1189.453	-55.3065
1190.43	-58.1258
1191.406	-53.6463
1192.383	-53.0471
1193.359	-62.7306
1194.336	-63.5337
1195.313	-62.7846
1196.289	-58.6145
1197.266	-60.12
1198.242	-53.5603
1199.219	-53.2362
1200.195	-60.874
1201.172	-52.384
1202.148	-58.9903
1203.125	-61.4093
1204.102	-62.9344
1205.078	-58.2781
1206.055	-58.0767
1207.031	-53.9385
1208.008	-59.7467
1208.984	-63.6049
1209.961	-72.5419
1210.938	-59.6264
1211.914	-57.7722
1212.891	-60.6947
1213.867	-53.1723
1214.844	-57.3203
1215.82	-64.1206
1216.797	-56.0973
1217.773	-55.9303
1218.75	-61.2694
1219.727	-55.2181
1220.703	-51.2739
1221.68	-53.8035
1222.656	-54.4322
1223.633	-60.3287
1224.609	-61.2497
1225.586	-62.3745
1226.563	-64.6536
1227.539	-57.087
1228.516	-55.3924
1229.492	-56.0039
1230.469	-58.8577
1231.445	-58.369
1232.422	-54.0908
1233.398	-61.2571
1234.375	-57.0624
1235.352	-55.1714
1236.328	-67.8929
1237.305	-58.2069
1238.281	-69.0447
1239.258	-61.3725
1240.234	-57.8851
1241.211	-52.7376
1242.188	-67.1561
1243.164	-60.0537
1244.141	-58.2879
1245.117	-63.2709
1246.094	-59.7639
1247.07	-56.5909
1248.047	-59.3734
1249.023	-55.2131
1250	-52.0549
1250.977	-54.0884
1251.953	-57.2785
1252.93	-67.1561
1253.906	-51.1143
1254.883	-54.2087
1255.859	-71.7044
1256.836	-72.3724
1257.813	-57.1189
1258.789	-60.6161
1259.766	-77.1221
1260.742	-68.2809
1261.719	-64.796
1262.695	-61.5493
1263.672	-49.1864
1264.648	-52.6762
1265.625	-63.3126
1266.602	-58.229
1267.578	-81.2701
1268.555	-53.6316
1269.531	-50.2203
1270.508	-54.9553
1271.484	-76.5867
1272.461	-57.5413
1273.438	-67.8462
1274.414	-51.8461
1275.391	-59.2432
1276.367	-52.0205
1277.344	-59.6165
1278.32	-59.8941
1279.297	-59.8867
1280.273	-55.7289
1281.25	-49.6039
1282.227	-58.4942
1283.203	-55.0167
1284.18	-69.7814
1285.156	-56.1783
1286.133	-52.3913
1287.109	-76.6702
1288.086	-57.1803
1289.063	-56.3183
1290.039	-62.0626
1291.016	-59.6829
1291.992	-58.3297
1292.969	-57.8532
1293.945	-62.2787
1294.922	-57.2122
1295.898	-54.5476
1296.875	-59.8425
1297.852	-62.7429
1298.828	-55.0167
1299.805	-66.4758
1300.781	-54.5525
1301.758	-64.7862
1302.734	-55.805
1303.711	-53.5947
1304.688	-51.6497
1305.664	-62.8706
1306.641	-67.6841
1307.617	-52.7106
1308.594	-50.6059
1309.57	-56.974
1310.547	-56.5221
1311.523	-54.0957
1312.5	-58.45
1313.477	-60.8961
1314.453	-54.2062
1315.43	-53.2312
1316.406	-55.3089
1317.383	-60.1298
1318.359	-78.7773
1319.336	-69.8797
1320.313	-66.8589
1321.289	-51.6128
1322.266	-65.4812
1323.242	-58.7275
1324.219	-62.1584
1325.195	-57.2466
1326.172	-61.6034
1327.148	-60.3017
1328.125	-52.8457
1329.102	-83.554
1330.078	-66.0706
1331.055	-58.0988
1332.031	-55.0388
1333.008	-50.7852
1333.984	-55.8296
1334.961	-59.6853
1335.938	-58.8405
1336.914	-65.7587
1337.891	-58.7742
1338.867	-59.285
1339.844	-64.8844
1340.82	-59.4594
1341.797	-56.3871
1342.773	-59.2113
1343.75	-57.6567
1344.727	-51.8879
1345.703	-55.6036
1346.68	-49.8986
1347.656	-68.3497
1348.633	-50.0902
1349.609	-59.8376
1350.586	-52.4012
1351.563	-66.1566
1352.539	-55.3728
1353.516	-52.0524
1354.492	-53.4572
1355.469	-51.3992
1356.445	-49.9305
1357.422	-64.9311
1358.398	-52.0524
1359.375	-53.0839
1360.352	-52.6296
1361.328	-50.9055
1362.305	-61.3848
1363.281	-58.703
1364.258	-56.7137
1365.234	-67.8585
1366.211	-55.39
1367.188	-51.8191
1368.164	-58.7865
1369.141	-53.0642
1370.117	-53.3074
1371.094	-63.1334
1372.07	-63.9487
1373.047	-50.1172
1374.023	-55.9548
1375	-52.2366
1375.977	-56.6179
1376.953	-53.327
1377.93	-51.9738
1378.906	-64.8132
1379.883	-64.1034
1380.859	-54.081
1381.836	-67.716
1382.813	-68.9096
1383.789	-63.8333
1384.766	-65.2651
1385.742	-56.0776
1386.719	-66.827
1387.695	-58.7447
1388.672	-48.8917
1389.648	-57.9736
1390.625	-69.3369
1391.602	-54.7392
1392.578	-54.7539
1393.555	-68.9415
1394.531	-60.5449
1395.508	-82.6576
1396.484	-55.4022
1397.461	-55.9622
1398.438	-61.2325
1399.414	-61.0508
1400.391	-56.4951
1401.367	-56.834
1402.344	-49.1299
1403.32	-55.9057
1404.297	-59.5871
1405.273	-54.5967
1406.25	-50.1295
1407.227	-60.1839
1408.203	-54.9086
1409.18	-53.5284
1410.156	-69.7741
1411.133	-54.7023
1412.109	-60.8297
1413.086	-66.0731
1414.063	-54.1768
1415.039	-55.525
1416.016	-59.9137
1416.992	-65.1079
1417.969	-56.4828
1418.945	-52.5804
1419.922	-53.4498
1420.898	-60.9255
1421.875	-56.5221
1422.852	-57.3964
1423.828	-56.6916
1424.805	-58.1848
1425.781	-48.9777
1426.758	-57.3547
1427.734	-54.1915
1428.711	-58.7791
1429.688	-52.7622
1430.664	-66.5962
1431.641	-60.4712
1432.617	-57.9834
1433.594	-61.37
1434.57	-52.0893
1435.547	-52.2268
1436.523	-65.6654
1437.5	-58.924
1438.477	-52.3029
1439.453	-52.6713
1440.43	-51.9837
1441.406	-60.9329
1442.383	-53.0765
1443.359	-52.4969
1444.336	-52.9365
1445.313	-54.6557
1446.289	-58.3149
1447.266	-56.4927
1448.242	-53.5898
1449.219	-53.9803
1450.195	-59.8277
1451.172	-76.3583
1452.148	-52.7229
1453.125	-59.3292
1454.102	-65.9306
1455.078	-49.1496
1456.055	-51.8682
1457.031	-53.3
1458.008	-55.4956
1458.984	-56.1341
1459.961	-52.1556
1460.938	-50.7803
1461.914	-54.83
1462.891	-67.0087
1463.867	-63.5239
1464.844	-53.5603
1465.82	-56.3576
1466.797	-57.6789
1467.773	-54.7932
1468.75	-58.9535
1469.727	-68.4061
1470.703	-59.2482
1471.68	-54.5501
1472.656	-68.3693
1473.633	-56.9495
1474.609	-62.0135
1475.586	-48.8942
1476.563	-53.9803
1477.539	-55.6896
1478.516	-55.7878
1479.492	-55.4661
1480.469	-51.7086
1481.445	-55.7829
1482.422	-54.3438
1483.398	-69.5678
1484.375	-54.1301
1485.352	-65.9625
1486.328	-75.5675
1487.305	-62.7159
1488.281	-60.9476
1489.258	-65.5819
1490.234	-57.2933
1491.211	-57.1214
1492.188	-51.5146
1493.164	-55.0118
1494.141	-61.4879
1495.117	-75.8229
1496.094	-61.0999
1497.07	-62.5145
1498.047	-56.9052
1499.023	-55.7633
1500	-60.1519
1500.977	-64.0592
1501.953	-62.1559
1502.93	-63.5681
1503.906	-58.1602
1504.883	-67.2912
1505.859	-59.3267
1506.836	-54.6115
1507.813	-65.216
1508.789	-64.435
1509.766	-56.1685
1510.742	-66.8123
1511.719	-60.0807
1512.695	-57.421
1513.672	-55.5005
1514.648	-56.5295
1515.625	-51.8584
1516.602	-59.5159
1517.578	-61.2276
1518.555	-58.7644
1519.531	-55.4489
1520.508	-63.0793
1521.484	-53.3246
1522.461	-55.4096
1523.438	-51.1388
1524.414	-50.4242
1525.391	-46.5291
1526.367	-59.9947
1527.344	-54.4985
1528.32	-58.9952
1529.297	-59.3783
1530.273	-58.7128
1531.25	-58.1013
1532.227	-56.8881
1533.203	-53.2214
1534.18	-53.9484
1535.156	-64.0764
1536.133	-62.9074
1537.109	-65.3609
1538.086	-60.8592
1539.063	-56.3993
1540.039	-56.5123
1541.016	-63.5852
1541.992	-61.8514
1542.969	-56.667
1543.945	-60.3066
1544.922	-59.4643
1545.898	-51.242
1546.875	-63.7031
1547.852	-60.341
1548.828	-59.032
1549.805	-60.5056
1550.781	-54.0319
1551.758	-57.1852
1552.734	-56.7628
1553.711	-59.0492
1554.688	-60.368
1555.664	-52.9758
1556.641	-58.0546
1557.617	-54.4076
1558.594	-56.7088
1559.57	-58.3788
1560.547	-59.8032
1561.523	-56.5516
1562.5	-56.7775
1563.477	-56.6474
1564.453	-58.1332
1565.43	-54.6041
1566.406	-77.8859
1567.383	-62.2198
1568.359	-51.2739
1569.336	-53.3614
1570.313	-59.8007
1571.289	-54.9037
1572.266	-57.7648
1573.242	-60.1249
1574.219	-62.0454
1575.195	-61.429
1576.172	-57.696
1577.148	-56.7309
1578.125	-66.6674
1579.102	-70.2775
1580.078	-59.5699
1581.055	-66.9596
1582.031	-53.2583
1583.008	-50.5691
1583.984	-53.5702
1584.961	-62.9197
1585.938	-53.4867
1586.914	-56.5712
1587.891	-56.7726
1588.867	-53.494
1589.844	-60.0316
1590.82	-60.7634
1591.797	-54.5992
1592.773	-60.3754
1593.75	-56.7726
1594.727	-56.1881
1595.703	-55.9106
1596.68	-57.6936
1597.656	-59.8277
1598.633	-59.5183
1599.609	-50.5568
1600.586	-52.4797
1601.563	-60.233
1602.539	-54.5157
1603.516	-56.694
1604.492	-58.7275
1605.469	-60.174
1606.445	-55.2942
1607.422	-56.0678
1608.398	-57.3571
1609.375	-57.4529
1610.352	-60.2919
1611.328	-59.0664
1612.305	-69.6415
1613.281	-59.0762
1614.258	-51.3181
1615.234	-51.6325
1616.211	-66.4095
1617.188	-56.2422
1618.164	-60.1839
1619.141	-58.4353
1620.117	-54.636
1621.094	-72.8366
1622.07	-54.4887
1623.047	-58.0251
1624.023	-66.52
1625	-64.3687
1625.977	-56.026
1626.953	-58.2167
1627.93	-52.7302
1628.906	-59.8621
1629.883	-50.3849
1630.859	-58.8773
1631.836	-55.7706
1632.813	-57.8802
1633.789	-56.7161
1634.766	-57.3006
1635.742	-58.0939
1636.719	-56.7039
1637.695	-61.1269
1638.672	-61.6918
1639.648	-53.0716
1640.625	-57.1705
1641.602	-58.4426
1642.578	-54.9577
1643.555	-60.9182
1644.531	-60.8445
1645.508	-51.1143
1646.484	-63.6344
1647.461	-59.0566
1648.438	-58.0841
1649.414	-72.9569
1650.391	-61.1539
1651.367	-57.3498
1652.344	-59.0812
1653.32	-59.6927
1654.297	-55.6135
1655.273	-54.7883
1656.25	-63.4895
1657.227	-62.7969
1658.203	-66.6772
1659.18	-61.8096
1660.156	-62.6201
1661.133	-55.5177
1662.109	-64.5185
1663.086	-55.53
1664.063	-54.5034
1665.039	-67.3919
1666.016	-61.6525
1666.992	-54.2897
1667.969	-59.4495
1668.945	-83.5589
1669.922	-53.0397
1670.898	-59.2482
1671.875	-66.6723
1672.852	-52.6197
1673.828	-58.3247
1674.805	-58.3886
1675.781	-60.7929
1676.758	-49.1152
1677.734	-57.696
1678.711	-67.5196
1679.688	-57.8729
1680.664	-63.4747
1681.641	-59.4225
1682.617	-56.1537
1683.594	-61.817
1684.57	-54.4985
1685.547	-53.526
1686.523	-54.5353
1687.5	-58.4574
1688.477	-53.0986
1689.453	-51.1192
1690.43	-58.7349
1691.406	-53.5333
1692.383	-52.9881
1693.359	-70.5035
1694.336	-54.1792
1695.313	-56.166
1696.289	-62.1535
1697.266	-66.0387
1698.242	-58.8282
1699.219	-56.3134
1700.195	-52.0721
1701.172	-61.5591
1702.148	-57.5168
1703.125	-49.3534
1704.102	-79.6492
1705.078	-54.5992
1706.055	-63.7056
1707.031	-53.5431
1708.008	-53.8992
1708.984	-56.0285
1709.961	-62.5636
1710.938	-55.7092
1711.914	-66.3211
1712.891	-51.91
1713.867	-58.2609
1714.844	-56.0506
1715.82	-70.3217
1716.797	-70.975
1717.773	-60.0782
1718.75	-53.3418
1719.727	-63.1825
1720.703	-58.7619
1721.68	-65.2552
1722.656	-51.3402
1723.633	-59.5011
1724.609	-53.7003
1725.586	-52.6418
1726.563	-69.3369
1727.539	-52.2243
1728.516	-62.4162
1729.492	-53.2558
1730.469	-65.6506
1731.445	-58.6465
1732.422	-54.5181
1733.398	-56.4583
1734.375	-54.862
1735.352	-54.5943
1736.328	-60.7905
1737.305	-67.0235
1738.281	-61.2399
1739.258	-65.3854
1740.234	-60.6014
1741.211	-52.6885
1742.188	-56.7505
1743.164	-57.4897
1744.141	-68.8654
1745.117	-56.7874
1746.094	-58.5139
1747.07	-52.5878
1748.047	-57.3449
1749.023	-52.7548
1750	-51.8854
1750.977	-58.5409
1751.953	-53.941
1752.93	-58.7103
1753.906	-51.4827
1754.883	-52.0205
1755.859	-58.1209
1756.836	-59.8351
1757.813	-54.9774
1758.789	-56.1906
1759.766	-69.1748
1760.742	-53.0544
1761.719	-79.6492
1762.695	-50.2596
1763.672	-55.0609
1764.648	-53.7544
1765.625	-55.1444
1766.602	-52.7695
1767.578	-53.3712
1768.555	-58.1135
1769.531	-56.7112
1770.508	-55.9082
1771.484	-55.8197
1772.461	-63.2856
1773.438	-59.2383
1774.414	-58.8847
1775.391	-53.1281
1776.367	-61.844
1777.344	-55.3458
1778.32	-72.2963
1779.297	-54.7588
1780.273	-53.5431
1781.25	-72.7162
1782.227	-58.3395
1783.203	-64.5283
1784.18	-52.1457
1785.156	-66.1811
1786.133	-53.6586
1787.109	-61.7212
1788.086	-60.7291
1789.063	-71.5988
1790.039	-62.2468
1791.016	-57.8409
1791.992	-55.6036
1792.969	-52.3422
1793.945	-55.697
1794.922	-56.0039
1795.898	-54.5918
1796.875	-71.1445
1797.852	-63.4698
1798.828	-61.262
1799.805	-53.4375
1800.781	-60.1323
1801.758	-55.7289
1802.734	-54.4297
1803.711	-65.9232
1804.688	-57.5708
1805.664	-59.4692
1806.641	-63.3814
1807.617	-60.7831
1808.594	-56.78
1809.57	-54.469
1810.547	-56.5049
1811.523	-69.5211
1812.5	-51.9787
1813.477	-61.262
1814.453	-58.2535
1815.43	-51.8289
1816.406	-59.1082
1817.383	-58.4574
1818.359	-54.5009
1819.336	-58.2044
1820.313	-59.9186
1821.289	-57.033
1822.266	-53.7421
1823.242	-60.6235
1824.219	-52.6517
1825.195	-51.7725
1826.172	-60.4933
1827.148	-64.6143
1828.125	-54.8816
1829.102	-55.8983
1830.078	-52.7302
1831.055	-60.8568
1832.031	-62.3892
1833.008	-50.5887
1833.984	-50.1737
1834.961	-55.6822
1835.938	-54.1375
1836.914	-58.0227
1837.891	-59.9923
1838.867	-64.1599
1839.844	-58.5482
1840.82	-60.2109
1841.797	-55.137
1842.773	-55.2844
1843.75	-59.533
1844.727	-55.2156
1845.703	-58.6661
1846.68	-58.5433
1847.656	-54.1768
1848.633	-56.2962
1849.609	-58.0055
1850.586	-55.6331
1851.563	-54.4101
1852.539	-59.4618
1853.516	-59.5429
1854.492	-62.4089
1855.469	-64.3024
1856.445	-56.3207
1857.422	-57.0059
1858.398	-63.7326
1859.375	-61.8096
1860.352	-53.3295
1861.328	-64.2975
1862.305	-59.7467
1863.281	-57.5978
1864.258	-55.7436
1865.234	-58.9805
1866.211	-65.4345
