LECROYWS24Xs-A	49590	Waveform
Segments	1	SegmentSize	1923
Segment	TrigTime	TimeSinceSegment1
#1	03-Jan-2003 01:40:20	0                 
Time	Ampl
0	-117.958
0.9765625	-52.6443
1.953125	-57.5659
2.929688	-61.6034
3.90625	-58.3321
4.882813	-51.215
5.859375	-49.2699
6.835938	-48.7836
7.8125	-52.7573
8.789063	-44.2182
9.765625	-46.8877
10.74219	-57.8164
11.71875	-53.5898
12.69531	-54.0613
13.67188	-46.8239
14.64844	-51.1683
15.625	-53.7789
16.60156	-55.9892
17.57813	-49.3436
18.55469	-52.7204
19.53125	-58.4917
20.50781	-51.9026
21.48438	-63.3667
22.46094	-50.8073
23.4375	-53.4277
24.41406	-57.3964
25.39063	-45.6377
26.36719	-64.5529
27.34375	-51.8117
28.32031	-49.545
29.29688	-49.4737
30.27344	-55.8836
31.25	-54.2062
32.22656	-52.2121
33.20313	-53.2583
34.17969	-48.484
35.15625	-45.51
36.13281	-56.0973
37.10938	-49.1275
38.08594	-63.3249
39.0625	-64.8549
40.03906	-58.3591
41.01563	-55.2107
41.99219	-56.8439
42.96875	-54.7539
43.94531	-56.2471
44.92188	-55.5152
45.89844	-61.1662
46.875	-50.5445
47.85156	-47.3347
48.82813	-51.5735
49.80469	-57.141
50.78125	-46.566
51.75781	-46.8214
52.73438	-43.8768
53.71094	-44.0978
54.6875	-48.4472
55.66406	-44.6185
56.64063	-44.7977
57.61719	-41.8654
58.59375	-41.2834
59.57031	-37.2042
60.54688	-27.9479
61.52344	-25.4307
62.5	-36.7302
63.47656	-40.5221
64.45313	-43.0983
65.42969	-46.9491
66.40625	-49.7439
67.38281	-50.8564
68.35938	-53.2951
69.33594	-52.3987
70.3125	-55.137
71.28906	-56.3453
72.26563	-70.8006
73.24219	-50.2007
74.21875	-61.2595
75.19531	-53.0495
76.17188	-52.9857
77.14844	-54.2455
78.125	-43.9799
79.10156	-44.3238
80.07813	-44.3336
81.05469	-37.9188
82.03125	-26.0152
83.00781	-32.452
83.98438	-39.5643
84.96094	-42.3001
85.9375	-45.2103
86.91406	-44.7364
87.89063	-46.0625
88.86719	-51.3058
89.84375	-49.6285
90.82031	-50.7361
91.79688	-47.482
92.77344	-53.4007
93.75	-60.9378
94.72656	-51.5539
95.70313	-53.0471
96.67969	-50.6526
97.65625	-56.3429
98.63281	-69.0422
99.60938	-55.6356
100.5859	-52.9415
101.5625	-51.5244
102.5391	-54.0024
103.5156	-50.6133
104.4922	-51.3525
105.4688	-49.9919
106.4453	-48.4889
107.4219	-50.3259
108.3984	-41.3497
109.375	-32.4422
110.3516	-27.6066
111.3281	-39.3383
112.3047	-43.9701
113.2813	-50.8122
114.2578	-49.4664
115.2344	-48.5209
116.2109	-56.7309
117.1875	-52.6345
118.1641	-53.1723
119.1406	-46.6618
120.1172	-40.2912
121.0938	-35.819
122.0703	-19.8951
123.0469	-30.6298
124.0234	-38.0072
125	-43.5231
125.9766	-43.4028
126.9531	-43.9873
127.9297	-45.7015
128.9063	-51.9714
129.8828	-47.1112
130.8594	-52.3962
131.8359	-48.209
132.8125	-51.4065
133.7891	-50.6649
134.7656	-52.1065
135.7422	-56.3821
136.7188	-50.8515
137.6953	-59.8228
138.6719	-54.5353
139.6484	-52.5387
140.625	-55.8075
141.6016	-51.5563
142.5781	-57.6297
143.5547	-53.4081
144.5313	-50.655
145.5078	-29.0629
146.4844	-50.5592
147.4609	-53.6856
148.4375	-57.1386
149.4141	-57.0698
150.3906	-51.8314
151.3672	-51.0946
152.3438	-52.8432
153.3203	-54.8448
154.2969	-62.8485
155.2734	-49.8839
156.25	-49.4909
157.2266	-50.0312
158.2031	-52.8678
159.1797	-53.3663
160.1563	-54.0417
161.1328	-46.3695
162.1094	-46.5586
163.0859	-40.8634
164.0625	-31.8945
165.0391	-27.5722
166.0156	-37.0003
166.9922	-41.9882
167.9688	-43.9775
168.9453	-45.5812
169.9219	-44.3066
170.8984	-48.0862
171.875	-49.2797
172.8516	-46.2983
173.8281	-48.8254
174.8047	-50.6673
175.7813	-53.1428
176.7578	-55.4759
177.7344	-51.6325
178.7109	-83.5712
179.6875	-46.1092
180.6641	-50.019
181.6406	-45.7703
182.6172	-39.7804
183.5938	-24.8756
184.5703	-37.3515
185.5469	-42.919
186.5234	-47.9044
187.5	-44.3336
188.4766	-48.0346
189.4531	-47.1628
190.4297	-50.4021
191.4063	-43.9799
192.3828	-45.7678
193.3594	-48.4226
194.3359	-45.9569
195.3125	-30.1509
196.2891	-49.1815
197.2656	-48.7738
198.2422	-56.6523
199.2188	-68.6837
200.1953	-52.3496
201.1719	-54.4199
202.1484	-59.5429
203.125	-58.9264
204.1016	-58.2756
205.0781	-50.5936
206.0547	-57.3866
207.0313	-51.5662
208.0078	-61.1785
208.9844	-53.8477
209.9609	-58.4181
210.9375	-47.2905
211.9141	-49.8962
212.8906	-54.8742
213.8672	-48.9261
214.8438	-46.5218
215.8203	-46.7404
216.7969	-41.2465
217.7734	-38.2062
218.75	-34.8809
219.7266	-27.8473
220.7031	-23.8982
221.6797	-34.8416
222.6563	-38.7857
223.6328	-42.6734
224.6094	-45.4191
225.5859	-45.5271
226.5625	-54.7146
227.5391	-49.987
228.5156	-47.2242
229.4922	-51.5342
230.4688	-54.8595
231.4453	-52.9979
232.4219	-60.1298
233.3984	-49.1815
234.375	-55.5054
235.3516	-50.1712
236.3281	-50.2547
237.3047	-54.6704
238.2813	-55.0167
239.2578	-50.9841
240.2344	-49.5278
241.2109	-48.5381
242.1875	-46.4383
243.1641	-39.8737
244.1406	-35.5317
245.1172	-21.9728
246.0938	-33.0586
247.0703	-21.5528
248.0469	-34.7065
249.0234	-41.0574
250	-41.7623
250.9766	-44.535
251.9531	-44.9549
252.9297	-46.1215
253.9063	-56.667
254.8828	-50.8097
255.8594	-52.6983
256.8359	-48.069
257.8125	-54.4445
258.7891	-56.7235
259.7656	-62.9934
260.7422	-56.3429
261.7188	-59.6485
262.6953	-59.7099
263.6719	-57.087
264.6484	-47.676
265.625	-71.8198
266.6016	-58.4967
267.5781	-61.5567
268.5547	-64.5995
269.5313	-58.283
270.5078	-54.6434
271.4844	-52.9537
272.4609	-48.8917
273.4375	-52.4969
274.4141	-47.3519
275.3906	-65.7292
276.3672	-49.2625
277.3438	-59.3489
278.3203	-58.9927
279.2969	-47.8995
280.2734	-50.5445
281.25	-49.8937
282.2266	-45.7482
283.2031	-51.0897
284.1797	-46.5316
285.1563	-47.013
286.1328	-42.612
287.1094	-43.8252
288.0859	-45.0139
289.0625	-42.1184
290.0391	-39.4808
291.0156	-30.4971
291.9922	-27.9185
292.9688	-38.8496
293.9453	-44.5964
294.9219	-50.213
295.8984	-52.3349
296.875	-50.4168
297.8516	-56.1587
298.8281	-52.4994
299.8047	-54.2382
300.7813	-61.8367
301.7578	-67.2003
302.7344	-64.1771
303.7109	-58.7005
304.6875	-54.8227
305.6641	-43.4814
306.6406	-33.5523
307.6172	-53.8084
308.5938	-55.8247
309.5703	-49.5253
310.5469	-53.2534
311.5234	-58.8331
312.5	-55.5742
313.4766	-59.4152
314.4531	-63.266
315.4297	-47.2929
316.4063	-48.8352
317.3828	-45.4682
318.3594	-49.0513
319.3359	-46.1436
320.3125	-47.8995
321.2891	-47.5557
322.2656	-46.2271
323.2422	-47.2782
324.2188	-45.3135
325.1953	-40.2814
326.1719	-38.4468
327.1484	-36.2169
328.125	-31.6318
329.1016	-30.6175
330.0781	-20.9659
331.0547	-25.6124
332.0313	-34.3701
333.0078	-38.0023
333.9844	-39.1517
334.9609	-42.5432
335.9375	-43.7221
336.9141	-46.345
337.8906	-48.0346
338.8672	-46.4186
339.8438	-51.3329
340.8203	-52.3889
341.7969	-48.0518
342.7734	-46.3867
343.75	-53.3025
344.7266	-59.5969
345.7031	-55.8148
346.6797	-56.2274
347.6563	-61.5469
348.6328	-50.6157
349.6094	-47.8799
350.5859	-52.3226
351.5625	-57.3719
352.5391	-64.7813
353.5156	-48.3219
354.4922	-58.062
355.4688	-52.1801
356.4453	-53.8329
357.4219	-50.8957
358.3984	-56.726
359.375	-51.1069
360.3516	-57.7132
361.3281	-46.9958
362.3047	-55.1051
363.2813	-50.7778
364.2578	-63.4772
365.2344	-59.145
366.2109	-53.2656
367.1875	-46.1362
368.1641	-39.6281
369.1406	-50.7287
370.1172	-49.6236
371.0938	-47.509
372.0703	-50.7385
373.0469	-50.4168
374.0234	-50.353
375	-52.745
375.9766	-52.5903
376.9531	-55.5201
377.9297	-51.4335
378.9063	-51.1929
379.8828	-49.7709
380.8594	-52.5043
381.8359	-62.2271
382.8125	-53.5112
383.7891	-51.2665
384.7656	-59.5257
385.7422	-54.3953
386.7188	-51.9665
387.6953	-48.8721
388.6719	-41.9833
389.6484	-34.483
390.625	-32.7394
391.6016	-41.249
392.5781	-51.0283
393.5547	-48.4717
394.5313	-58.7079
395.5078	-49.8986
396.4844	-52.0033
397.4609	-50.8662
398.4375	-83.8193
399.4141	-58.3984
400.3906	-54.6286
401.3672	-65.9699
402.3438	-50.7852
403.3203	-74.9069
404.2969	-55.8615
405.2734	-53.5186
406.25	-56.1218
407.2266	-50.2179
408.2031	-56.333
409.1797	-51.7184
410.1563	-46.512
411.1328	-40.4877
412.1094	-32.5208
413.0859	-33.2502
414.0625	-41.7451
415.0391	-47.9486
416.0156	-51.9984
416.9922	-49.0808
417.9688	-60.2207
418.9453	-55.6257
419.9219	-55.331
420.8984	-47.9315
421.875	-56.6351
422.8516	-59.3955
423.8281	-62.2222
424.8047	-71.6479
425.7813	-63.4207
426.7578	-50.5543
427.7344	-62.7085
428.7109	-49.0194
429.6875	-36.4404
430.6641	-41.777
431.6406	-43.3709
432.6172	-44.4515
433.5938	-55.9475
434.5703	-48.344
435.5469	-42.9264
436.5234	-44.6774
437.5	-24.1904
438.4766	-42.9951
439.4531	-42.8772
440.4297	-35.9639
441.4063	-29.0752
442.3828	-37.5038
443.3594	-40.915
444.3359	-46.3499
445.3125	-45.8268
446.2891	-48.3784
447.2656	-59.0812
448.2422	-49.653
449.2188	-51.3648
450.1953	-50.3972
451.1719	-61.9693
452.1484	-55.5815
453.125	-51.1536
454.1016	-53.5309
455.0781	-48.1451
456.0547	-54.4002
457.0313	-49.8274
458.0078	-57.4185
458.9844	-61.5616
459.9609	-59.005
460.9375	-61.4732
461.9141	-56.3674
462.8906	-62.0749
463.8672	-66.6502
464.8438	-55.0633
465.8203	-57.8311
466.7969	-61.1539
467.7734	-48.7321
468.75	-57.6346
469.7266	-66.466
470.7031	-75.2605
471.6797	-59.1573
472.6563	-52.077
473.6328	-53.4204
474.6094	-54.5083
475.5859	-61.9545
476.5625	-50.741
477.5391	-58.8552
478.5156	-58.8135
479.4922	-52.3545
480.4688	-52.605
481.4453	-53.3467
482.4219	-50.7017
483.3984	-52.966
484.375	-48.9777
485.3516	-48.1427
486.3281	-48.5749
487.3047	-45.9471
488.2813	-42.224
489.2578	-39.5765
490.2344	-32.845
491.2109	-25.5387
492.1875	-31.8381
493.1641	-43.2555
494.1406	-43.6238
495.1172	-44.0855
496.0938	-46.4211
497.0703	-57.2564
498.0469	-62.5562
499.0234	-51.7037
500	-53.1428
500.9766	-59.1573
501.9531	-54.4297
502.9297	-52.8187
503.9063	-52.384
504.8828	-57.2098
505.8594	-57.2
506.8359	-63.0278
507.8125	-52.7278
508.7891	-55.3359
509.7656	-64.5283
510.7422	-54.0343
511.7188	-65.852
512.6953	-54.5329
513.6719	-51.4532
514.6484	-51.7184
515.625	-55.9376
516.6016	-49.8912
517.5781	-54.1178
518.5547	-53.526
519.5313	-53.5554
520.5078	-59.4766
521.4844	-58.5875
522.4609	-53.494
523.4375	-59.8695
524.4141	-52.8039
525.3906	-66.3015
526.3672	-67.382
527.3438	-52.5731
528.3203	-57.8729
529.2969	-63.546
530.2734	-54.8055
531.25	-54.5894
532.2266	-54.7293
533.2031	-72.979
534.1797	-65.1349
535.1563	-55.3187
536.1328	-55.5643
537.1094	-54.2406
538.0859	-56.8168
539.0625	-59.4053
540.0391	-62.124
541.0156	-48.2679
541.9922	-51.0504
542.9688	-53.0642
543.9453	-51.2494
544.9219	-54.3438
545.8984	-53.3295
546.875	-65.6187
547.8516	-58.9559
548.8281	-75.6731
549.8047	-50.1074
550.7813	-49.739
551.7578	-38.7735
552.7344	-46.6176
553.7109	-48.7444
554.6875	-36.5951
555.6641	-48.4054
556.6406	-53.3516
557.6172	-54.8128
558.5938	-56.4337
559.5703	-55.304
560.5469	-53.2091
561.5234	-59.2825
562.5	-51.0553
563.4766	-52.7057
564.4531	-52.0721
565.4297	-54.6409
566.4063	-55.1984
567.3828	-52.8604
568.3594	-54.2062
569.3359	-56.8463
570.3125	-54.8251
571.2891	-59.2899
572.2656	-65.2896
573.2422	-51.9591
574.2188	-60.4933
575.1953	-52.6296
576.1719	-63.5042
577.1484	-65.3486
578.125	-35.6938
579.1016	-44.6504
580.0781	-49.9281
581.0547	-45.4559
582.0313	-42.138
583.0078	-37.0322
583.9844	-31.1283
584.9609	-30.7968
585.9375	-40.414
586.9141	-39.832
587.8906	-41.2637
588.8672	-51.5588
589.8438	-52.4085
590.8203	-51.7282
591.7969	-50.962
592.7734	-50.1098
593.75	-52.5608
594.7266	-49.1103
595.7031	-53.9189
596.6797	-60.7782
597.6563	-52.2047
598.6328	-60.2674
599.6094	-59.3759
600.5859	-61.0901
601.5625	-49.7071
602.5391	-53.7322
603.5156	-57.7624
604.4922	-59.2752
605.4688	-59.3145
606.4453	-60.5842
607.4219	-50.461
608.3984	-57.0796
609.375	-56.2397
610.3516	-54.8963
611.3281	-60.3926
612.3047	-59.3169
613.2813	-58.3886
614.2578	-52.023
615.2344	-53.4965
616.2109	-58.9903
617.1875	-43.5133
618.1641	-47.3666
619.1406	-50.2105
620.1172	-51.3402
621.0938	-61.6598
622.0703	-53.6168
623.0469	-54.1276
624.0234	-52.7376
625	-68.5191
625.9766	-59.5183
626.9531	-77.1761
627.9297	-54.9676
628.9063	-58.5875
629.8828	-49.626
630.8594	-58.8945
631.8359	-62.2419
632.8125	-49.6457
633.7891	-50.0288
634.7656	-67.1463
635.7422	-49.1938
636.7188	-54.4125
637.6953	-60.093
638.6719	-63.9536
639.6484	-62.0994
640.625	-60.2919
641.6016	-49.987
642.5781	-51.2076
643.5547	-53.8624
644.5313	-51.4237
645.5078	-49.8397
646.4844	-49.5008
647.4609	-55.4808
648.4375	-57.8311
649.4141	-71.6356
650.3906	-51.689
651.3672	-51.6742
652.3438	-52.7401
653.3203	-53.1723
654.2969	-46.7256
655.2734	-50.6796
656.25	-41.6714
657.2266	-30.3572
658.2031	-43.1548
659.1797	-44.9721
660.1563	-47.4034
661.1328	-36.1236
662.1094	-41.8556
663.0859	-42.2338
664.0625	-46.4309
665.0391	-47.7104
666.0156	-51.9124
666.9922	-55.363
667.9688	-56.7456
668.9453	-46.7354
669.9219	-54.2038
670.8984	-52.1212
671.875	-51.7405
672.8516	-60.1249
673.8281	-61.1171
674.8047	-49.7144
675.7813	-51.797
676.7578	-48.5552
677.7344	-59.366
678.7109	-51.7086
679.6875	-51.8854
680.6641	-43.6656
681.6406	-59.6632
682.6172	-68.61
683.5938	-60.2993
684.5703	-55.5496
685.5469	-60.6529
686.5234	-61.8072
687.5	-52.2366
688.4766	-54.7834
689.4531	-63.0229
690.4297	-59.0345
691.4063	-56.1316
692.3828	-59.0615
693.3594	-57.8606
694.3359	-58.1897
695.3125	-50.9375
696.2891	-55.9524
697.2656	-53.3933
698.2422	-57.0452
699.2188	-63.5852
700.1953	-56.8856
701.1719	-52.8776
702.1484	-57.7574
703.125	-55.4268
704.1016	-51.2813
705.0781	-61.0483
706.0547	-62.6397
707.0313	-56.4386
708.0078	-54.4887
708.9844	-58.7054
709.9609	-51.9124
710.9375	-67.942
711.9141	-53.9361
712.8906	-57.3645
713.8672	-54.0884
714.8438	-72.6475
715.8203	-61.1392
716.7969	-52.7843
717.7734	-60.3263
718.75	-54.5451
719.7266	-73.1214
720.7031	-65.4247
721.6797	-53.1085
722.6563	-55.1616
723.6328	-59.2506
724.6094	-53.9042
725.5859	-56.4902
726.5625	-56.031
727.5391	-52.1408
728.5156	-51.7405
729.4922	-35.8141
730.4688	-38.9012
731.4453	-41.4455
732.4219	-42.9706
733.3984	-45.6229
734.375	-42.5089
735.3516	-38.4739
736.3281	-31.2486
737.3047	-25.4208
738.2813	-36.2783
739.2578	-43.2039
740.2344	-48.4472
741.2109	-48.5651
742.1875	-47.4747
743.1641	-44.7339
744.1406	-46.3867
745.1172	-33.8691
746.0938	-45.338
747.0703	-52.9734
748.0469	-55.7117
749.0234	-49.5965
750	-58.3247
750.9766	-56.2765
751.9531	-62.3941
752.9297	-54.9946
753.9063	-55.9917
754.8828	-60.5056
755.8594	-80.5161
756.8359	-55.7387
757.8125	-58.2339
758.7891	-61.0508
759.7656	-53.7617
760.7422	-49.5867
761.7188	-63.2537
762.6953	-59.4225
763.6719	-49.7906
764.6484	-60.3165
765.625	-55.8861
766.6016	-50.1909
767.5781	-55.0044
768.5547	-47.6171
769.5313	-46.1632
770.5078	-49.6874
771.4844	-46.34
772.4609	-44.3213
773.4375	-47.8332
774.4141	-52.9218
775.3906	-51.4311
776.3672	-47.1038
777.3438	-48.1967
778.3203	-46.173
779.2969	-43.641
780.2734	-36.7916
781.25	-29.3846
782.2266	-39.2008
783.2031	-44.7634
784.1797	-46.3695
785.1563	-48.9654
786.1328	-53.9459
787.1094	-54.7883
788.0859	-53.5382
789.0625	-52.1114
790.0391	-55.1935
791.0156	-56.3674
791.9922	-56.2815
792.9688	-54.1817
793.9453	-61.0753
794.9219	-61.5911
795.8984	-60.8519
796.875	-49.545
797.8516	-65.3216
798.8281	-53.8526
799.8047	-61.9717
800.7813	-63.3176
801.7578	-66.7018
802.7344	-54.0785
803.7109	-51.8584
804.6875	-51.5342
805.6641	-59.6215
806.6406	-60.4147
807.6172	-58.2044
808.5938	-54.3904
809.5703	-54.5083
810.5469	-75.6977
811.5234	-56.6547
812.5	-53.2141
813.4766	-59.6976
814.4531	-54.3634
815.4297	-49.5401
816.4063	-55.5373
817.3828	-53.6856
818.3594	-56.7898
819.3359	-48.8131
820.3125	-61.9619
821.2891	-56.9593
822.2656	-60.7585
823.2422	-64.101
824.2188	-52.1089
825.1953	-48.3047
826.1719	-53.8747
827.1484	-46.5856
828.125	-41.7967
829.1016	-46.0773
830.0781	-47.9806
831.0547	-54.2382
832.0313	-51.8363
833.0078	-46.6274
833.9844	-58.5998
834.9609	-51.9517
835.9375	-59.565
836.9141	-56.667
837.8906	-60.8469
838.8672	-63.6466
839.8438	-55.4587
840.8203	-57.2
841.7969	-60.901
842.7734	-50.4979
843.75	-60.3926
844.7266	-58.2388
845.7031	-61.8195
846.6797	-55.0019
847.6563	-57.4357
848.6328	-79.0205
849.6094	-61.0385
850.5859	-57.3277
851.5625	-53.3442
852.5391	-67.8732
853.5156	-55.3973
854.4922	-57.9515
855.4688	-54.4887
856.4453	-56.8144
857.4219	-56.1046
858.3984	-57.7304
859.375	-55.6085
860.3516	-54.69
861.3281	-53.3835
862.3047	-62.8166
863.2813	-62.7257
864.2578	-54.8767
865.2344	-54.4862
866.2109	-51.9321
867.1875	-54.7023
868.1641	-65.0293
869.1406	-63.072
870.1172	-55.8296
871.0938	-68.4111
872.0703	-62.3549
873.0469	-54.4837
874.0234	-55.2942
875	-51.0553
875.9766	-45.2619
876.9531	-51.0602
877.9297	-62.9983
878.9063	-60.5105
879.8828	-61.9447
880.8594	-57.2073
881.8359	-52.5854
882.8125	-50.2326
883.7891	-48.6658
884.7656	-60.7512
885.7422	-61.7482
886.7188	-69.6316
887.6953	-62.377
888.6719	-57.9858
889.6484	-53.6316
890.625	-58.1406
891.6016	-57.5954
892.5781	-53.3123
893.5547	-52.3299
894.5313	-62.5415
895.5078	-54.2455
896.4844	-65.1374
897.4609	-59.005
898.4375	-53.9975
899.4141	-58.2781
900.3906	-62.7331
901.3672	-73.1165
902.3438	-54.7613
903.3203	-59.0099
904.2969	-57.6273
905.2734	-56.419
906.25	-55.2893
907.2266	-64.7813
908.2031	-56.2815
909.1797	-57.2442
910.1563	-55.5275
911.1328	-54.0884
912.1094	-42.4352
913.0859	-43.5747
914.0625	-52.6173
915.0391	-51.7774
916.0156	-57.6273
916.9922	-62.4997
917.9688	-57.4726
918.9453	-59.0836
919.9219	-68.2539
920.8984	-59.2948
921.875	-54.6041
922.8516	-59.6927
923.8281	-51.323
924.8047	-53.86
925.7813	-64.5087
926.7578	-66.4316
927.7344	-53.3098
928.7109	-59.6902
929.6875	-58.5458
930.6641	-48.877
931.6406	-63.8259
932.6172	-49.9084
933.5938	-58.3591
934.5703	-57.922
935.5469	-55.7436
936.5234	-55.7854
937.5	-60.3779
938.4766	-56.866
939.4531	-57.4112
940.4297	-57.227
941.4063	-61.2865
942.3828	-59.9014
943.3594	-61.9005
944.3359	-61.9152
945.3125	-53.0593
946.2891	-52.7008
947.2656	-58.2486
948.2422	-50.9497
949.2188	-57.6248
950.1953	-60.7855
951.1719	-59.5159
952.1484	-63.9782
953.125	-55.5496
954.1016	-49.6727
955.0781	-55.1935
956.0547	-62.6938
957.0313	-66.2425
958.0078	-58.8356
958.9844	-64.1305
959.9609	-53.106
960.9375	-59.9334
961.9141	-50.0312
962.8906	-61.6598
963.8672	-56.0727
964.8438	-64.3957
965.8203	-58.7815
966.7969	-73.1927
967.7734	-53.4375
968.75	-58.8528
969.7266	-53.2607
970.7031	-61.4928
971.6797	-58.2388
972.6563	-57.7697
973.6328	-62.5415
974.6094	-53.2362
975.5859	-56.9544
976.5625	-29.2054
977.5391	-37.7027
978.5156	-46.7993
979.4922	-45.3675
980.4688	-45.4559
981.4453	-45.2742
982.4219	-40.6277
983.3984	-28.5791
984.375	-40.0505
985.3516	-39.0412
986.3281	-32.98
987.3047	-38.0932
988.2813	-43.5821
989.2578	-46.5291
990.2344	-49.5548
991.2109	-49.5425
992.1875	-50.849
993.1641	-50.0091
994.1406	-47.9707
995.1172	-45.0998
996.0938	-55.1493
997.0703	-46.7796
998.0469	-56.7604
999.0234	-51.075
1000	-49.5867
1000.977	-51.964
1001.953	-52.8727
1002.93	-54.9749
1003.906	-63.2267
1004.883	-63.8259
1005.859	-56.225
1006.836	-53.4204
1007.813	-49.3583
1008.789	-54.862
1009.766	-55.4612
1010.742	-63.2512
1011.719	-52.524
1012.695	-61.1588
1013.672	-53.1723
1014.648	-54.9209
1015.625	-63.3544
1016.602	-62.9001
1017.578	-58.4475
1018.555	-61.9963
1019.531	-67.5982
1020.508	-68.0476
1021.484	-49.1275
1022.461	-58.3321
1023.438	-61.0827
1024.414	-60.3705
1025.391	-49.626
1026.367	-54.5648
1027.344	-57.3768
1028.32	-51.7479
1029.297	-67.4754
1030.273	-54.6507
1031.25	-49.1741
1032.227	-50.5887
1033.203	-49.7758
1034.18	-72.7457
1035.156	-56.0702
1036.133	-64.5553
1037.109	-60.9943
1038.086	-59.199
1039.063	-61.6918
1040.039	-57.8999
1041.016	-57.8508
1041.992	-53.8894
1042.969	-62.9394
1043.945	-59.7246
1044.922	-55.7412
1045.898	-54.2013
1046.875	-53.0765
1047.852	-57.6936
1048.828	-56.0113
1049.805	-60.1961
1050.781	-59.2383
1051.758	-66.7902
1052.734	-71.1887
1053.711	-69.1257
1054.688	-59.5822
1055.664	-55.2279
1056.641	-52.131
1057.617	-53.6979
1058.594	-56.5295
1059.57	-50.5715
1060.547	-53.192
1061.523	-53.7249
1062.5	-65.2454
1063.477	-51.7405
1064.453	-58.9977
1065.43	-49.9969
1066.406	-69.0103
1067.383	-62.3549
1068.359	-54.3659
1069.336	-58.7815
1070.313	-59.9383
1071.289	-55.3335
1072.266	-68.47
1073.242	-54.361
1074.219	-54.194
1075.195	-62.2492
1076.172	-60.9599
1077.148	-58.4991
1078.125	-61.9079
1079.102	-57.836
1080.078	-59.398
1081.055	-47.6515
1082.031	-57.9367
1083.008	-60.707
1083.984	-61.6869
1084.961	-60.6652
1085.938	-59.4397
1086.914	-55.3335
1087.891	-64.2999
1088.867	-56.8463
1089.844	-62.8264
1090.82	-56.9077
1091.797	-53.4621
1092.773	-52.2415
1093.75	-60.6603
1094.727	-52.0622
1095.703	-66.7386
1096.68	-69.9091
1097.656	-54.7318
1098.633	-61.6132
1099.609	-71.1837
1100.586	-66.9105
1101.563	-68.9366
1102.539	-53.3737
1103.516	-52.2931
1104.492	-62.2763
1105.469	-57.561
1106.445	-51.7405
1107.422	-67.6645
1108.398	-57.0894
1109.375	-54.8055
1110.352	-58.5261
1111.328	-53.6905
1112.305	-46.2443
1113.281	-55.9401
1114.258	-61.0164
1115.234	-56.2692
1116.211	-65.0932
1117.188	-66.213
1118.164	-51.9616
1119.141	-71.4686
1120.117	-59.5576
1121.094	-52.0131
1122.07	-52.5338
1123.047	-53.1821
1124.023	-54.4371
1125	-56.893
1125.977	-52.1531
1126.953	-52.2489
1127.93	-53.2705
1128.906	-63.4968
1129.883	-55.7092
1130.859	-51.8658
1131.836	-51.5391
1132.813	-60.8199
1133.789	-66.0608
1134.766	-54.7195
1135.742	-57.0182
1136.719	-49.7537
1137.695	-61.5788
1138.672	-54.7244
1139.648	-62.539
1140.625	-60.4147
1141.602	-55.7387
1142.578	-64.7911
1143.555	-65.4247
1144.531	-53.4744
1145.508	-56.1685
1146.484	-69.1159
1147.461	-72.9274
1148.438	-51.4949
1149.414	-51.4999
1150.391	-53.2607
1151.367	-61.9128
1152.344	-59.4618
1153.32	-61.6549
1154.297	-55.5692
1155.273	-57.033
1156.25	-68.6468
1157.227	-57.9318
1158.203	-66.6846
1159.18	-57.421
1160.156	-59.4397
1161.133	-58.2805
1162.109	-62.5611
1163.086	-64.6953
1164.063	-53.7396
1165.039	-66.6453
1166.016	-56.8095
1166.992	-51.2444
1167.969	-51.2592
1168.945	-50.682
1169.922	-51.5956
1170.898	-48.9212
1171.875	-40.1807
1172.852	-35.3205
1173.828	-48.5331
1174.805	-49.1029
1175.781	-57.5536
1176.758	-54.803
1177.734	-54.6851
1178.711	-57.7353
1179.688	-52.6541
1180.664	-57.7501
1181.641	-66.0534
1182.617	-50.4782
1183.594	-54.194
1184.57	-53.9827
1185.547	-56.2594
1186.523	-59.8891
1187.5	-56.4264
1188.477	-56.1292
1189.453	-53.2067
1190.43	-55.5324
1191.406	-55.1591
1192.383	-54.4346
1193.359	-53.553
1194.336	-51.9714
1195.313	-60.5547
1196.289	-55.557
1197.266	-58.8675
1198.242	-58.2118
1199.219	-51.3058
1200.195	-55.8099
1201.172	-56.2029
1202.148	-62.4727
1203.125	-60.0561
1204.102	-61.4928
1205.078	-61.1392
1206.055	-52.8923
1207.031	-53.1576
1208.008	-61.9005
1208.984	-64.2582
1209.961	-55.5152
1210.938	-53.8035
1211.914	-50.1
1212.891	-58.1528
1213.867	-72.1882
1214.844	-67.134
1215.82	-55.8689
1216.797	-54.5304
1217.773	-54.0834
1218.75	-57.3768
1219.727	-52.0009
1220.703	-56.1169
1221.68	-57.3375
1222.656	-52.1089
1223.633	-51.8068
1224.609	-49.4639
1225.586	-47.8897
1226.563	-47.6392
1227.539	-45.5345
1228.516	-40.0702
1229.492	-32.8794
1230.469	-40.6056
1231.445	-49.5032
1232.422	-49.6506
1233.398	-46.0724
1234.375	-55.25
1235.352	-62.7846
1236.328	-51.7037
1237.305	-59.7123
1238.281	-57.6715
1239.258	-65.1619
1240.234	-60.5989
1241.211	-54.6065
1242.188	-54.1178
1243.164	-58.8036
1244.141	-61.9545
1245.117	-53.1797
1246.094	-62.1142
1247.07	-63.7498
1248.047	-55.8148
1249.023	-53.386
1250	-63.74
1250.977	-52.244
1251.953	-54.5599
1252.93	-59.0861
1253.906	-58.536
1254.883	-60.0684
1255.859	-58.197
1256.836	-56.6621
1257.813	-66.8516
1258.789	-58.2928
1259.766	-50.8908
1260.742	-59.6067
1261.719	-64.0126
1262.695	-60.4835
1263.672	-51.9566
1264.648	-56.947
1265.625	-58.1872
1266.602	-67.1119
1267.578	-57.1803
1268.555	-55.9303
1269.531	-55.4857
1270.508	-57.3252
1271.484	-58.9068
1272.461	-64.2508
1273.438	-55.7387
1274.414	-55.4587
1275.391	-65.6752
1276.367	-52.6983
1277.344	-52.7671
1278.32	-60.1519
1279.297	-52.9586
1280.273	-52.2342
1281.25	-55.5963
1282.227	-69.5751
1283.203	-60.0218
1284.18	-58.8331
1285.156	-55.6871
1286.133	-56.9126
1287.109	-61.0876
1288.086	-60.761
1289.063	-62.0258
1290.039	-51.4827
1291.016	-60.0782
1291.992	-50.7754
1292.969	-52.465
1293.945	-55.5422
1294.922	-51.1953
1295.898	-51.1339
1296.875	-54.0613
1297.852	-61.9054
1298.828	-53.8157
1299.805	-68.2318
1300.781	-57.1779
1301.758	-54.1497
1302.734	-60.7364
1303.711	-52.8309
1304.688	-54.1866
1305.664	-49.4909
1306.641	-52.8015
1307.617	-54.663
1308.594	-54.0073
1309.57	-49.2748
1310.547	-51.2715
1311.523	-55.8811
1312.5	-59.8597
1313.477	-46.3793
1314.453	-36.2906
1315.43	-37.9115
1316.406	-43.8129
1317.383	-48.7493
1318.359	-54.1203
1319.336	-52.0622
1320.313	-68.1434
1321.289	-49.8127
1322.266	-63.7915
1323.242	-56.8954
1324.219	-60.3951
1325.195	-54.1596
1326.172	-57.367
1327.148	-62.0528
1328.125	-54.749
1329.102	-57.8016
1330.078	-61.6647
1331.055	-52.3373
1332.031	-62.0405
1333.008	-50.1614
1333.984	-61.9987
1334.961	-48.0272
1335.938	-53.72
1336.914	-55.3973
1337.891	-65.55
1338.867	-61.5125
1339.844	-52.2735
1340.82	-71.056
1341.797	-52.9292
1342.773	-57.8237
1343.75	-55.0314
1344.727	-59.0026
1345.703	-60.6185
1346.68	-70.9283
1347.656	-52.8236
1348.633	-54.6409
1349.609	-58.6759
1350.586	-53.5186
1351.563	-58.757
1352.539	-60.0905
1353.516	-59.4201
1354.492	-53.9901
1355.469	-53.1821
1356.445	-59.6436
1357.422	-77.6132
1358.398	-66.3064
1359.375	-57.3375
1360.352	-52.6001
1361.328	-67.4385
1362.305	-64.4153
1363.281	-59.5159
1364.258	-58.6121
1365.234	-54.5451
1366.211	-53.3442
1367.188	-52.9611
1368.164	-55.1444
1369.141	-59.0517
1370.117	-53.2091
1371.094	-56.9274
1372.07	-61.1392
1373.047	-52.8506
1374.023	-66.827
1375	-66.1001
1375.977	-54.6065
1376.953	-62.1093
1377.93	-56.0997
1378.906	-59.7197
1379.883	-60.3435
1380.859	-61.2178
1381.836	-49.8814
1382.813	-55.0388
1383.789	-59.2162
1384.766	-52.2784
1385.742	-65.9257
1386.719	-50.9006
1387.695	-54.3143
1388.672	-54.523
1389.648	-65.7268
1390.625	-57.2564
1391.602	-55.5054
1392.578	-58.7619
1393.555	-52.2538
1394.531	-61.3946
1395.508	-58.4475
1396.484	-56.166
1397.461	-53.5996
1398.438	-55.1984
1399.414	-69.2485
1400.391	-52.1801
1401.367	-55.8541
1402.344	-63.0572
1403.32	-49.4173
1404.297	-53.192
1405.273	-56.252
1406.25	-54.0785
1407.227	-52.3766
1408.203	-61.1245
1409.18	-67.7136
1410.156	-57.6346
1411.133	-54.0638
1412.109	-57.8115
1413.086	-57.0059
1414.063	-50.9546
1415.039	-53.6365
1416.016	-57.6445
1416.992	-56.6744
1417.969	-56.8782
1418.945	-56.6007
1419.922	-67.9027
1420.898	-52.8359
1421.875	-51.9247
1422.852	-66.1737
1423.828	-59.3808
1424.805	-62.1363
1425.781	-64.0494
1426.758	-70.113
1427.734	-57.3989
1428.711	-63.1088
1429.688	-59.1548
1430.664	-56.753
1431.641	-57.809
1432.617	-65.243
1433.594	-58.5433
1434.57	-57.9072
1435.547	-53.8526
1436.523	-47.509
1437.5	-68.7328
1438.477	-54.2357
1439.453	-57.7894
1440.43	-51.5784
1441.406	-52.3127
1442.383	-54.3487
1443.359	-57.4333
1444.336	-57.534
1445.313	-54.555
1446.289	-53.7101
1447.266	-53.3221
1448.242	-64.575
1449.219	-63.5386
1450.195	-54.9995
1451.172	-60.4957
1452.148	-57.1631
1453.125	-58.3346
1454.102	-60.8469
1455.078	-69.4671
1456.055	-55.9941
1457.031	-52.9144
1458.008	-62.3917
1458.984	-56.0924
1459.961	-62.9246
1460.938	-55.1223
1461.914	-52.2636
1462.891	-60.7241
1463.867	-53.9827
1464.844	-56.3625
1465.82	-58.6391
1466.797	-72.6646
1467.773	-58.3714
1468.75	-54.6458
1469.727	-58.7103
1470.703	-59.0222
1471.68	-51.0529
1472.656	-53.3737
1473.633	-51.9468
1474.609	-43.8621
1475.586	-43.7073
1476.563	-46.8681
1477.539	-56.0285
1478.516	-50.7999
1479.492	-55.918
1480.469	-56.0187
1481.445	-55.4391
1482.422	-52.966
1483.398	-51.2813
1484.375	-61.8072
1485.352	-52.5927
1486.328	-56.5295
1487.305	-64.8648
1488.281	-61.262
1489.258	-53.0495
1490.234	-53.9827
1491.211	-63.8922
1492.188	-54.1743
1493.164	-57.0379
1494.141	-54.7392
1495.117	-57.1214
1496.094	-59.0099
1497.07	-70.808
1498.047	-56.8144
1499.023	-56.6916
1500	-69.0864
1500.977	-55.7166
1501.953	-56.6646
1502.93	-52.7229
1503.906	-61.6721
1504.883	-53.8231
1505.859	-53.8698
1506.836	-58.7472
1507.813	-57.3105
1508.789	-54.7735
1509.766	-65.4198
1510.742	-52.0254
1511.719	-53.5849
1512.695	-57.0158
1513.672	-56.1709
1514.648	-51.1536
1515.625	-53.3147
1516.602	-43.7786
1517.578	-47.2438
1518.555	-55.6822
1519.531	-58.6489
1520.508	-61.5862
1521.484	-60.2747
1522.461	-53.1723
1523.438	-57.7746
1524.414	-49.4983
1525.391	-53.0078
1526.367	-65.9257
1527.344	-59.9702
1528.32	-57.4013
1529.297	-58.229
1530.273	-48.344
1531.25	-53.9926
1532.227	-52.5092
1533.203	-63.7252
1534.18	-70.2333
1535.156	-57.3326
1536.133	-58.2707
1537.109	-55.1346
1538.086	-55.864
1539.063	-54.2234
1540.039	-57.6715
1541.016	-53.5751
1541.992	-62.3352
1542.969	-56.8684
1543.945	-59.9432
1544.922	-64.9335
1545.898	-59.4397
1546.875	-53.0667
1547.852	-53.6045
1548.828	-56.7604
1549.805	-54.0466
1550.781	-61.0974
1551.758	-52.8064
1552.734	-58.0472
1553.711	-54.4125
1554.688	-55.8689
1555.664	-64.6192
1556.641	-62.1093
1557.617	-76.1766
1558.594	-54.6999
1559.57	-60.9206
1560.547	-50.3996
1561.523	-58.1307
1562.5	-54.9749
1563.477	-55.5594
1564.453	-46.8877
1565.43	-42.5531
1566.406	-62.9615
1567.383	-62.7822
1568.359	-56.7849
1569.336	-59.9579
1570.313	-60.5621
1571.289	-50.488
1572.266	-54.5181
1573.242	-52.9169
1574.219	-56.6032
1575.195	-61.0459
1576.172	-56.5786
1577.148	-53.4302
1578.125	-60.9771
1579.102	-59.4839
1580.078	-65.3117
1581.055	-55.5471
1582.031	-50.8171
1583.008	-71.6332
1583.984	-69.1527
1584.961	-59.1622
1585.938	-57.8802
1586.914	-56.5516
1587.891	-57.8729
1588.867	-60.3017
1589.844	-61.483
1590.82	-62.8509
1591.797	-54.609
1592.773	-51.188
1593.75	-57.6838
1594.727	-51.296
1595.703	-54.6532
1596.68	-59.2482
1597.656	-63.2095
1598.633	-54.2259
1599.609	-59.4594
1600.586	-60.6922
1601.563	-59.5011
1602.539	-66.4071
1603.516	-56.4214
1604.492	-55.7338
1605.469	-58.698
1606.445	-53.5505
1607.422	-53.9705
1608.398	-58.6563
1609.375	-57.782
1610.352	-56.6842
1611.328	-58.4721
1612.305	-48.7861
1613.281	-65.7857
1614.258	-61.2522
1615.234	-77.9915
1616.211	-56.5737
1617.188	-55.3286
1618.164	-53.6782
1619.141	-60.7241
1620.117	-71.3188
1621.094	-62.7478
1622.07	-54.5108
1623.047	-54.5894
1624.023	-56.3895
1625	-55.5128
1625.977	-69.2829
1626.953	-60.1495
1627.93	-55.6675
1628.906	-61.8023
1629.883	-57.0354
1630.859	-50.9792
1631.836	-55.11
1632.813	-52.0475
1633.789	-53.3049
1634.766	-57.0059
1635.742	-63.9512
1636.719	-58.7668
1637.695	-58.1013
1638.672	-54.857
1639.648	-60.7684
1640.625	-54.776
1641.602	-50.8441
1642.578	-48.8377
1643.555	-44.842
1644.531	-48.3318
1645.508	-59.5453
1646.484	-53.3909
1647.461	-60.0635
1648.438	-62.4236
1649.414	-53.4646
1650.391	-53.6733
1651.367	-52.1875
1652.344	-60.6382
1653.32	-62.1559
1654.297	-51.2985
1655.273	-68.0181
1656.25	-56.726
1657.227	-62.6839
1658.203	-58.3297
1659.18	-53.9115
1660.156	-55.1272
1661.133	-53.9017
1662.109	-56.3306
1663.086	-53.4744
1664.063	-54.8865
1665.039	-61.9496
1666.016	-58.1283
1666.992	-58.2142
1667.969	-49.9821
1668.945	-65.4689
1669.922	-67.215
1670.898	-52.9488
1671.875	-54.2136
1672.852	-62.8092
1673.828	-61.0508
1674.805	-61.65
1675.781	-58.865
1676.758	-54.2161
1677.734	-57.6322
1678.711	-55.7092
1679.688	-54.4813
1680.664	-52.9488
1681.641	-66.1639
1682.617	-56.446
1683.594	-58.2904
1684.57	-57.8237
1685.547	-67.8241
1686.523	-55.5889
1687.5	-68.2244
1688.477	-57.2933
1689.453	-55.8836
1690.43	-59.9555
1691.406	-58.0129
1692.383	-54.388
1693.359	-58.364
1694.336	-55.3703
1695.313	-58.6563
1696.289	-53.1085
1697.266	-58.3861
1698.242	-64.0666
1699.219	-67.5319
1700.195	-51.9763
1701.172	-53.3688
1702.148	-71.0904
1703.125	-52.1728
1704.102	-53.2484
1705.078	-54.4887
1706.055	-55.4514
1707.031	-59.0615
1708.008	-58.1749
1708.984	-54.8988
1709.961	-58.8036
1710.938	-60.341
1711.914	-65.6752
1712.891	-50.9964
1713.867	-50.8024
1714.844	-58.0472
1715.82	-52.3643
1716.797	-59.0615
1717.773	-56.7726
1718.75	-58.951
1719.727	-53.1109
1720.703	-52.7671
1721.68	-47.0326
1722.656	-64.7469
1723.633	-56.9789
1724.609	-50.7312
1725.586	-72.6278
1726.563	-63.3814
1727.539	-58.3051
1728.516	-64.4448
1729.492	-68.443
1730.469	-56.0997
1731.445	-53.4498
1732.422	-53.6021
1733.398	-60.066
1734.375	-62.6643
1735.352	-55.1149
1736.328	-64.3736
1737.305	-65.911
1738.281	-57.3178
1739.258	-63.7694
1740.234	-70.1154
1741.211	-59.7909
1742.188	-63.3765
1743.164	-53.5431
1744.141	-48.7566
1745.117	-51.5121
1746.094	-63.4354
1747.07	-58.31
1748.047	-50.461
1749.023	-61.5763
1750	-53.3344
1750.977	-56.3846
1751.953	-60.5154
1752.93	-64.8844
1753.906	-57.4652
1754.883	-60.1593
1755.859	-59.4594
1756.836	-53.1379
1757.813	-53.2656
1758.789	-53.828
1759.766	-55.2795
1760.742	-62.6766
1761.719	-62.8657
1762.695	-39.886
1763.672	-50.5421
1764.648	-62.8018
1765.625	-55.3851
1766.602	-55.3212
1767.578	-51.4728
1768.555	-52.7941
1769.531	-63.8235
1770.508	-51.1266
1771.484	-56.4902
1772.461	-64.0838
1773.438	-55.9352
1774.414	-55.1026
1775.391	-55.7412
1776.367	-55.2033
1777.344	-52.9586
1778.32	-56.893
1779.297	-73.3253
1780.273	-55.471
1781.25	-59.9677
1782.227	-58.924
1783.203	-73.7059
1784.18	-59.4201
1785.156	-57.9097
1786.133	-55.7559
1787.109	-55.832
1788.086	-56.5516
1789.063	-58.5802
1790.039	-54.8399
1791.016	-52.6664
1791.992	-56.5491
1792.969	-52.0794
1793.945	-65.9478
1794.922	-53.9852
1795.898	-57.4947
1796.875	-60.0881
1797.852	-60.6726
1798.828	-63.4772
1799.805	-57.5266
1800.781	-58.2388
1801.758	-48.8205
1802.734	-60.0095
1803.711	-53.3614
1804.688	-60.9304
1805.664	-58.9338
1806.641	-54.6409
1807.617	-52.9783
1808.594	-56.6818
1809.57	-55.1935
1810.547	-67.9051
1811.523	-62.1633
1812.5	-58.1307
1813.477	-65.9822
1814.453	-65.1644
1815.43	-50.3038
1816.406	-52.8088
1817.383	-73.1288
1818.359	-55.7731
1819.336	-54.5746
1820.313	-62.1854
1821.289	-55.5029
1822.266	-62.2443
1823.242	-53.8108
1824.219	-56.7235
1825.195	-50.7091
1826.172	-64.3515
1827.148	-59.3046
1828.125	-59.7909
1829.102	-53.467
1830.078	-55.4612
1831.055	-49.4737
1832.031	-54.0392
1833.008	-55.1861
1833.984	-56.4976
1834.961	-54.6065
1835.938	-53.6561
1836.914	-51.1118
1837.891	-56.1808
1838.867	-53.634
1839.844	-51.0553
1840.82	-49.2797
1841.797	-54.6016
1842.773	-60.5449
1843.75	-59.8793
1844.727	-51.1781
1845.703	-64.9753
1846.68	-53.7887
1847.656	-66.2008
1848.633	-59.6067
1849.609	-54.4887
1850.586	-70.9161
1851.563	-59.4741
1852.539	-55.25
1853.516	-66.3899
1854.492	-52.5068
1855.469	-53.5677
1856.445	-65.6752
1857.422	-49.1447
1858.398	-63.5214
1859.375	-57.4947
1860.352	-54.135
1861.328	-66.5986
1862.305	-59.3169
1863.281	-57.4357
1864.258	-54.1276
1865.234	-58.5114
1866.211	-53.6095
1867.188	-53.4916
1868.164	-60.2575
1869.141	-55.1616
1870.117	-78.4212
1871.094	-54.2873
1872.07	-57.1042
1873.047	-58.4279
1874.023	-51.2985
1875	-63.2144
1875.977	-61.3283
1876.953	-52.1433
