LECROYWS24Xs-A	49590	Waveform
Segments	1	SegmentSize	1912
Segment	TrigTime	TimeSinceSegment1
#1	03-Jan-2003 01:54:20	0                 
Time	Ampl
0	-117.958
0.9765625	-72.7211
1.953125	-55.4465
2.929688	-46.9638
3.90625	-49.1299
4.882813	-50.6329
5.859375	-51.7553
6.835938	-51.0038
7.8125	-60.1839
8.789063	-50.3431
9.765625	-51.129
10.74219	-53.1109
11.71875	-51.3304
12.69531	-48.9556
13.67188	-58.0669
14.64844	-69.0496
15.625	-56.1513
16.60156	-54.6827
17.57813	-48.7075
18.55469	-53.0323
19.53125	-59.5183
20.50781	-53.7617
21.48438	-60.0267
22.46094	-53.9705
23.4375	-46.7035
24.41406	-54.2627
25.39063	-47.0817
26.36719	-51.8117
27.34375	-54.9012
28.32031	-50.3186
29.29688	-54.8227
30.27344	-75.1033
31.25	-69.445
32.22656	-54.3069
33.20313	-55.2254
34.17969	-55.4857
35.15625	-51.4876
36.13281	-50.3137
37.10938	-49.9207
38.08594	-46.2664
39.0625	-49.8077
40.03906	-57.6764
41.01563	-55.5643
41.99219	-51.4581
42.96875	-49.6874
43.94531	-51.0897
44.92188	-92.6162
45.89844	-55.5054
46.875	-48.3416
47.85156	-48.9629
48.82813	-43.3488
49.80469	-31.3469
50.78125	-45.2865
51.75781	-58.6907
52.73438	-43.8817
53.71094	-48.4546
54.6875	-46.8435
55.66406	-55.4366
56.64063	-52.4675
57.61719	-61.6869
58.59375	-51.5342
59.57031	-47.0744
60.54688	-52.2931
61.52344	-35.3058
62.5	-43.3316
63.47656	-54.9234
64.45313	-53.828
65.42969	-57.1263
66.40625	-68.7794
67.38281	-56.3625
68.35938	-55.6601
69.33594	-50.9596
70.3125	-61.2227
71.28906	-57.7353
72.26563	-60.4786
73.24219	-55.8983
74.21875	-55.6527
75.19531	-58.9878
76.17188	-58.4525
77.14844	-53.8477
78.125	-55.5619
79.10156	-53.5628
80.07813	-58.3026
81.05469	-57.9244
82.03125	-62.5808
83.00781	-60.621
83.98438	-69.7814
84.96094	-49.8004
85.9375	-68.1016
86.91406	-56.0138
87.89063	-49.3018
88.86719	-60.3656
89.84375	-57.2442
90.82031	-55.8738
91.79688	-54.555
92.77344	-54.7023
93.75	-53.0372
94.72656	-63.1972
95.70313	-57.1361
96.67969	-53.5775
97.65625	-65.3977
98.63281	-64.7886
99.60938	-55.6552
100.5859	-51.3034
101.5625	-53.5112
102.5391	-51.8682
103.5156	-55.4956
104.4922	-55.665
105.4688	-55.611
106.4453	-57.7083
107.4219	-66.3678
108.3984	-54.1424
109.375	-58.2142
110.3516	-55.6184
111.3281	-53.7666
112.3047	-51.2788
113.2813	-57.2171
114.2578	-56.3821
115.2344	-54.7785
116.2109	-62.7011
117.1875	-73.814
118.1641	-66.4856
119.1406	-58.423
120.1172	-58.0104
121.0938	-55.6773
122.0703	-46.6667
123.0469	-26.2288
124.0234	-44.616
125	-47.681
125.9766	-55.8345
126.9531	-50.7041
127.9297	-49.8323
128.9063	-52.6566
129.8828	-47.18
130.8594	-48.7787
131.8359	-52.217
132.8125	-58.6293
133.7891	-53.6438
134.7656	-49.0906
135.7422	-63.3176
136.7188	-62.7036
137.6953	-51.0824
138.6719	-54.5918
139.6484	-49.8765
140.625	-68.19
141.6016	-59.7025
142.5781	-54.4567
143.5547	-51.2543
144.5313	-51.0136
145.5078	-55.3163
146.4844	-62.0994
147.4609	-56.7088
148.4375	-63.2611
149.4141	-53.7126
150.3906	-49.3117
151.3672	-53.8354
152.3438	-50.3186
153.3203	-57.6887
154.2969	-52.1138
155.2734	-59.1696
156.25	-48.7984
157.2266	-54.9626
158.2031	-53.5063
159.1797	-62.6078
160.1563	-63.0671
161.1328	-56.92
162.1094	-67.4705
163.0859	-58.7373
164.0625	-58.7815
165.0391	-52.19
166.0156	-65.9257
166.9922	-61.1171
167.9688	-52.745
168.9453	-48.177
169.9219	-54.6827
170.8984	-51.0995
171.875	-53.6414
172.8516	-56.8021
173.8281	-49.0366
174.8047	-46.4849
175.7813	-49.685
176.7578	-48.2949
177.7344	-47.2119
178.7109	-55.2426
179.6875	-47.8701
180.6641	-51.8977
181.6406	-43.2776
182.6172	-40.3772
183.5938	-36.8088
184.5703	-26.6095
185.5469	-25.7745
186.5234	-34.6672
187.5	-39.5225
188.4766	-45.4436
189.4531	-44.1568
190.4297	-45.8906
191.4063	-46.3204
192.3828	-52.1015
193.3594	-51.4556
194.3359	-67.8339
195.3125	-50.2793
196.2891	-50.1933
197.2656	-48.8107
198.2422	-59.3464
199.2188	-69.4204
200.1953	-51.684
201.1719	-50.908
202.1484	-51.4213
203.125	-55.2942
204.1016	-62.5022
205.0781	-60.2182
206.0547	-69.558
207.0313	-62.0454
208.0078	-56.8488
208.9844	-58.8675
209.9609	-57.4406
210.9375	-63.0523
211.9141	-71.5153
212.8906	-55.918
213.8672	-56.5344
214.8438	-69.4499
215.8203	-68.6935
216.7969	-65.1447
217.7734	-57.0256
218.75	-58.4304
219.7266	-60.6505
220.7031	-54.1252
221.6797	-66.0829
222.6563	-49.4983
223.6328	-58.9903
224.6094	-57.5168
225.5859	-51.7135
226.5625	-56.5835
227.5391	-72.2324
228.5156	-55.1665
229.4922	-58.0104
230.4688	-52.9169
231.4453	-56.7063
232.4219	-51.6226
233.3984	-58.3419
234.375	-57.5831
235.3516	-53.8207
236.3281	-64.435
237.3047	-55.8811
238.2813	-55.3138
239.2578	-52.9709
240.2344	-55.2549
241.2109	-49.7709
242.1875	-50.547
243.1641	-47.4722
244.1406	-46.4481
245.1172	-42.0766
246.0938	-37.4006
247.0703	-32.6829
248.0469	-37.3564
249.0234	-44.6062
250	-51.517
250.9766	-48.01
251.9531	-50.3505
252.9297	-58.3886
253.9063	-52.4036
254.8828	-53.1821
255.8594	-53.5382
256.8359	-58.8822
257.8125	-67.6424
258.7891	-54.9897
259.7656	-55.9573
260.7422	-56.5172
261.7188	-68.7082
262.6953	-53.9999
263.6719	-66.3457
264.6484	-56.6842
265.625	-54.5746
266.6016	-50.1246
267.5781	-54.2038
268.5547	-56.4583
269.5313	-61.736
270.5078	-55.5447
271.4844	-58.6931
272.4609	-55.53
273.4375	-47.7006
274.4141	-59.9456
275.3906	-53.3884
276.3672	-63.0499
277.3438	-58.9633
278.3203	-62.4654
279.2969	-67.9518
280.2734	-49.6432
281.25	-61.6647
282.2266	-52.3275
283.2031	-55.5717
284.1797	-50.0018
285.1563	-56.1022
286.1328	-62.291
287.1094	-54.3904
288.0859	-58.7644
289.0625	-51.6595
290.0391	-55.6429
291.0156	-65.0981
291.9922	-54.8963
292.9688	-55.0191
293.9453	-57.5119
294.9219	-50.3677
295.8984	-61.3136
296.875	-68.8457
297.8516	-49.346
298.8281	-54.7932
299.8047	-56.6105
300.7813	-58.2609
301.7578	-59.0075
302.7344	-52.7597
303.7109	-59.037
304.6875	-55.918
305.6641	-60.9304
306.6406	-47.8946
307.6172	-45.925
308.5938	-34.8318
309.5703	-44.201
310.5469	-50.1098
311.5234	-51.3304
312.5	-55.1075
313.4766	-51.5367
314.4531	-56.4509
315.4297	-64.3613
316.4063	-51.3893
317.3828	-58.8601
318.3594	-53.0716
319.3359	-59.2187
320.3125	-64.2827
321.2891	-71.3655
322.2656	-56.1464
323.2422	-49.6015
324.2188	-56.5344
325.1953	-52.0426
326.1719	-56.6867
327.1484	-71.3041
328.125	-51.7798
329.1016	-58.0841
330.0781	-65.9969
331.0547	-55.2696
332.0313	-67.2003
333.0078	-56.0162
333.9844	-66.3751
334.9609	-59.0443
335.9375	-56.8905
336.9141	-53.6954
337.8906	-60.5522
338.8672	-57.3301
339.8438	-49.5572
340.8203	-62.0012
341.7969	-57.4013
342.7734	-68.9563
343.75	-61.5812
344.7266	-52.0745
345.7031	-54.8325
346.6797	-59.7442
347.6563	-54.1203
348.6328	-55.6036
349.6094	-54.3241
350.5859	-57.7427
351.5625	-55.1714
352.5391	-50.0312
353.5156	-55.1935
354.4922	-55.4882
355.4688	-51.6865
356.4453	-56.1366
357.4219	-51.1855
358.3984	-47.8062
359.375	-50.7312
360.3516	-63.2242
361.3281	-47.6466
362.3047	-46.9147
363.2813	-49.3583
364.2578	-55.3703
365.2344	-46.6863
366.2109	-44.5988
367.1875	-44.5178
368.1641	-41.4528
369.1406	-38.1939
370.1172	-38.992
371.0938	-27.2014
372.0703	-31.0227
373.0469	-37.2754
374.0234	-40.6424
375	-45.117
375.9766	-46.5095
376.9531	-47.8037
377.9297	-49.2601
378.9063	-50.8441
379.8828	-49.1938
380.8594	-51.0234
381.8359	-49.2232
382.8125	-54.1448
383.7891	-47.1259
384.7656	-54.9823
385.7422	-54.9676
386.7188	-53.3442
387.6953	-59.7688
388.6719	-58.6023
389.6484	-54.8841
390.625	-52.9488
391.6016	-52.0696
392.5781	-57.4799
393.5547	-54.7048
394.5313	-55.6503
395.5078	-56.3207
396.4844	-65.3756
397.4609	-53.828
398.4375	-64.7076
399.4141	-72.3822
400.3906	-72.1735
401.3672	-53.2828
402.3438	-52.5731
403.3203	-52.9832
404.2969	-59.1205
405.2734	-60.3263
406.25	-64.5578
407.2266	-60.4491
408.2031	-52.1826
409.1797	-55.864
410.1563	-68.9342
411.1328	-59.7418
412.1094	-49.6555
413.0859	-56.0334
414.0625	-56.2937
415.0391	-56.112
416.0156	-55.6577
416.9922	-53.1158
417.9688	-58.1455
418.9453	-56.9298
419.9219	-59.0198
420.8984	-54.5329
421.875	-52.0966
422.8516	-56.2225
423.8281	-56.9396
424.8047	-54.5378
425.7813	-53.6463
426.7578	-51.517
427.7344	-51.3869
428.7109	-53.0618
429.6875	-52.8334
430.6641	-46.2418
431.6406	-46.787
432.6172	-33.4
433.5938	-33.233
434.5703	-39.1345
435.5469	-44.4539
436.5234	-46.8705
437.5	-49.1815
438.4766	-59.2261
439.4531	-49.4345
440.4297	-57.8483
441.4063	-63.1776
442.3828	-51.2027
443.3594	-56.3944
444.3359	-53.4867
445.3125	-55.6601
446.2891	-52.7401
447.2656	-52.19
448.2422	-56.9298
449.2188	-54.862
450.1953	-51.9296
451.1719	-57.4038
452.1484	-62.2959
453.125	-50.0582
454.1016	-56.5099
455.0781	-58.617
456.0547	-61.2129
457.0313	-51.9935
458.0078	-59.8597
458.9844	-56.0874
459.9609	-59.9923
460.9375	-62.5219
461.9141	-59.5797
462.8906	-50.1516
463.8672	-58.9682
464.8438	-50.3726
465.8203	-56.4656
466.7969	-63.2512
467.7734	-57.1066
468.75	-55.9941
469.7266	-53.3049
470.7031	-55.8419
471.6797	-54.496
472.6563	-56.6155
473.6328	-61.5149
474.6094	-54.695
475.5859	-56.7407
476.5625	-57.9171
477.5391	-59.4324
478.5156	-56.4632
479.4922	-54.4469
480.4688	-57.6764
481.4453	-61.1736
482.4219	-65.9257
483.3984	-54.7834
484.375	-61.122
485.3516	-54.3953
486.3281	-60.8445
487.3047	-54.9528
488.2813	-52.9169
489.2578	-59.1057
490.2344	-59.4716
491.2109	-51.2862
492.1875	-57.4824
493.1641	-52.1924
494.1406	-45.4879
495.1172	-44.6897
496.0938	-35.3033
497.0703	-43.0958
498.0469	-45.1146
499.0234	-53.9287
500	-55.0756
500.9766	-54.889
501.9531	-59.5822
502.9297	-65.6506
503.9063	-57.2712
504.8828	-58.5384
505.8594	-51.8707
506.8359	-59.2138
507.8125	-57.1852
508.7891	-53.7986
509.7656	-49.459
510.7422	-61.1097
511.7188	-75.5184
512.6953	-54.2308
513.6719	-53.693
514.6484	-52.7573
515.625	-51.0922
516.6016	-63.1923
517.5781	-70.9382
518.5547	-64.8476
519.5313	-61.3725
520.5078	-59.7516
521.4844	-56.1881
522.4609	-58.3051
523.4375	-60.7831
524.4141	-61.2939
525.3906	-56.5835
526.3672	-58.6858
527.3438	-65.7317
528.3203	-59.4594
529.2969	-56.026
530.2734	-53.3
531.25	-54.582
532.2266	-57.2835
533.2031	-63.8014
534.1797	-55.0511
535.1563	-68.6296
536.1328	-57.1459
537.1094	-59.0198
538.0859	-64.2238
539.0625	-62.9025
540.0391	-60.4172
541.0156	-62.4162
541.9922	-56.3502
542.9688	-64.7911
543.9453	-58.5924
544.9219	-52.2685
545.8984	-50.9203
546.875	-52.7229
547.8516	-52.2268
548.8281	-55.3777
549.8047	-60.8592
550.7813	-62.3205
551.7578	-60.6726
552.7344	-53.6831
553.7109	-67.3894
554.6875	-49.626
555.6641	-53.4228
556.6406	-56.446
557.6172	-57.7157
558.5938	-46.0232
559.5703	-48.8033
560.5469	-52.9807
561.5234	-62.1535
562.5	-53.6807
563.4766	-54.027
564.4531	-63.3151
565.4297	-61.7605
566.4063	-60.4319
567.3828	-68.4405
568.3594	-63.9463
569.3359	-52.9807
570.3125	-56.2176
571.2891	-52.4675
572.2656	-58.423
573.2422	-67.4975
574.2188	-56.5712
575.1953	-60.9771
576.1719	-58.3247
577.1484	-59.8253
578.125	-72.8243
579.1016	-63.6
580.0781	-61.0606
581.0547	-59.0812
582.0313	-57.7255
583.0078	-55.5275
583.9844	-57.4947
584.9609	-55.4145
585.9375	-63.1727
586.9141	-59.425
587.8906	-56.3576
588.8672	-58.8871
589.8438	-59.3783
590.8203	-48.3661
591.7969	-58.8822
592.7734	-58.1234
593.75	-55.2377
594.7266	-55.9155
595.7031	-52.438
596.6797	-63.3814
597.6563	-56.7137
598.6328	-56.2348
599.6094	-53.6487
600.5859	-55.4244
601.5625	-52.1654
602.5391	-60.6775
603.5156	-60.6284
604.4922	-63.6958
605.4688	-54.2603
606.4453	-64.9458
607.4219	-57.0919
608.3984	-66.7214
609.375	-52.1089
610.3516	-70.5968
611.3281	-61.1834
612.3047	-58.9731
613.2813	-55.6945
614.2578	-71.9795
615.2344	-51.3451
616.2109	-55.5226
617.1875	-66.8589
618.1641	-55.891
619.1406	-55.3875
620.1172	-55.6749
621.0938	-51.0062
622.0703	-49.8372
623.0469	-54.4174
624.0234	-60.0733
625	-58.8921
625.9766	-54.1031
626.9531	-55.5054
627.9297	-55.7338
628.9063	-54.5722
629.8828	-56.8561
630.8594	-57.6175
631.8359	-60.3926
632.8125	-56.4706
633.7891	-63.6761
634.7656	-60.3287
635.7422	-72.9913
636.7188	-57.3645
637.6953	-55.9597
638.6719	-67.9813
639.6484	-60.9845
640.625	-64.0715
641.6016	-52.1556
642.5781	-60.7561
643.5547	-61.2423
644.5313	-70.7343
645.5078	-62.6446
646.4844	-58.4647
647.4609	-63.7817
648.4375	-57.868
649.4141	-62.6545
650.3906	-63.0425
651.3672	-53.0299
652.3438	-53.6389
653.3203	-66.1516
654.2969	-62.5219
655.2734	-55.4022
656.25	-58.8159
657.2266	-56.0138
658.2031	-59.6288
659.1797	-56.2053
660.1563	-58.3763
661.1328	-69.4253
662.1094	-57.5119
663.0859	-53.4351
664.0625	-64.8574
665.0391	-62.9737
666.0156	-64.6732
666.9922	-60.7905
667.9688	-56.5442
668.9453	-67.3059
669.9219	-58.3026
670.8984	-58.9215
671.875	-54.2308
672.8516	-62.9811
673.8281	-54.7932
674.8047	-60.901
675.7813	-65.8619
676.7578	-54.4346
677.7344	-49.2159
678.7109	-63.0474
679.6875	-55.2426
680.6641	-54.0957
681.6406	-53.4817
682.6172	-60.621
683.5938	-59.4348
684.5703	-67.9027
685.5469	-52.4429
686.5234	-61.6942
687.5	-57.6346
688.4766	-56.8856
689.4531	-71.1788
690.4297	-56.3478
691.4063	-66.7165
692.3828	-54.9774
693.3594	-64.8009
694.3359	-56.4116
695.3125	-65.965
696.2891	-60.9157
697.2656	-48.3711
698.2422	-62.1584
699.2188	-60.0267
700.1953	-62.0233
701.1719	-63.821
702.1484	-62.372
703.125	-57.6052
704.1016	-52.0352
705.0781	-55.0265
706.0547	-68.5437
707.0313	-56.0531
708.0078	-51.3083
708.9844	-60.0709
709.9609	-52.3496
710.9375	-54.4739
711.9141	-61.7188
712.8906	-55.4145
713.8672	-60.5694
714.8438	-58.2486
715.8203	-58.0448
716.7969	-53.8108
717.7734	-72.1759
718.75	-65.6212
719.7266	-55.6454
720.7031	-58.1823
721.6797	-55.2058
722.6563	-56.7996
723.6328	-61.8121
724.6094	-67.215
725.5859	-55.0977
726.5625	-67.8462
727.5391	-59.5429
728.5156	-64.5725
729.4922	-70.722
730.4688	-53.5775
731.4453	-49.4295
732.4219	-54.8497
733.3984	-53.0421
734.375	-62.0896
735.3516	-56.7211
736.3281	-59.2285
737.3047	-55.4931
738.2813	-54.0392
739.2578	-68.2293
740.2344	-67.689
741.2109	-51.6767
742.1875	-65.0097
743.1641	-56.193
744.1406	-59.3292
745.1172	-58.8994
746.0938	-53.5235
747.0703	-65.0072
748.0469	-52.8776
749.0234	-53.5628
750	-54.1915
750.9766	-56.1685
751.9531	-75.4865
752.9297	-57.1852
753.9063	-60.2158
754.8828	-67.6645
755.8594	-56.9151
756.8359	-60.1814
757.8125	-53.5702
758.7891	-72.2619
759.7656	-73.1976
760.7422	-55.7731
761.7188	-59.8155
762.6953	-64.0445
763.6719	-57.4357
764.6484	-54.6778
765.625	-66.4169
766.6016	-56.0432
767.5781	-64.9876
768.5547	-64.7346
769.5313	-62.2149
770.5078	-54.5967
771.4844	-60.1519
772.4609	-52.3005
773.4375	-67.4434
774.4141	-61.9079
775.3906	-58.2683
776.3672	-59.6215
777.3438	-63.7056
778.3203	-67.3943
779.2969	-57.7574
780.2734	-58.9706
781.25	-58.2314
782.2266	-60.9771
783.2031	-65.0711
784.1797	-72.4412
785.1563	-56.9445
786.1328	-60.0144
787.1094	-56.8463
788.0859	-56.5958
789.0625	-51.242
790.0391	-50.962
791.0156	-66.0583
791.9922	-54.6065
792.9688	-55.9327
793.9453	-63.8456
794.9219	-50.5175
795.8984	-57.2908
796.875	-52.0622
797.8516	-64.3048
798.8281	-63.2832
799.8047	-61.2865
800.7813	-69.0447
801.7578	-64.381
802.7344	-51.5637
803.7109	-57.3547
804.6875	-50.2916
805.6641	-59.5944
806.6406	-58.9363
807.6172	-66.547
808.5938	-56.1316
809.5703	-64.8893
810.5469	-52.8039
811.5234	-60.1249
812.5	-52.5608
813.4766	-54.6262
814.4531	-74.2561
815.4297	-56.6351
816.4063	-52.7229
817.3828	-57.5487
818.3594	-56.1267
819.3359	-52.0573
820.3125	-50.0975
821.2891	-54.7662
822.2656	-57.7795
823.2422	-50.3358
824.2188	-58.3346
825.1953	-57.3596
826.1719	-59.366
827.1484	-53.6095
828.125	-58.0006
829.1016	-58.8036
830.0781	-65.5205
831.0547	-52.0279
832.0313	-69.5309
833.0078	-64.1354
833.9844	-55.0584
834.9609	-57.5487
835.9375	-63.5754
836.9141	-61.041
837.8906	-57.9318
838.8672	-63.5509
839.8438	-54.6679
840.8203	-60.2452
841.7969	-55.7485
842.7734	-57.2049
843.75	-58.0497
844.7266	-67.2936
845.7031	-55.6847
846.6797	-71.697
847.6563	-74.1308
848.6328	-61.8686
849.6094	-58.8945
850.5859	-70.4077
851.5625	-63.7768
852.5391	-58.0202
853.5156	-53.3565
854.4922	-55.3114
855.4688	-61.5272
856.4453	-60.7241
857.4219	-52.6124
858.3984	-54.8939
859.375	-57.227
860.3516	-62.2787
861.3281	-50.9792
862.3047	-63.5705
863.2813	-56.8488
864.2578	-62.0847
865.2344	-64.7174
866.2109	-63.1506
867.1875	-58.2118
868.1641	-56.7996
869.1406	-50.1147
870.1172	-55.0511
871.0938	-55.7166
872.0703	-57.2196
873.0469	-60.8027
874.0234	-51.4458
875	-60.3361
875.9766	-56.4951
876.9531	-50.9252
877.9297	-55.8099
878.9063	-55.8173
879.8828	-53.2779
880.8594	-56.4313
881.8359	-58.1725
882.8125	-60.9648
883.7891	-58.6293
884.7656	-58.3812
885.7422	-55.5447
886.7188	-78.1241
887.6953	-56.5491
888.6719	-58.7103
889.6484	-54.4174
890.625	-50.3972
891.6016	-49.5401
892.5781	-65.017
893.5547	-47.4034
894.5313	-71.81
895.5078	-68.4774
896.4844	-63.5484
897.4609	-61.3529
898.4375	-58.089
899.4141	-62.4187
900.3906	-52.1728
901.3672	-59.2211
902.3438	-56.0604
903.3203	-60.8617
904.2969	-60.4736
905.2734	-58.6956
906.25	-56.1513
907.2266	-58.8184
908.2031	-50.7975
909.1797	-59.0689
910.1563	-55.724
911.1328	-47.7399
912.1094	-53.5063
913.0859	-57.4676
914.0625	-54.2725
915.0391	-50.0091
916.0156	-53.2484
916.9922	-60.0291
917.9688	-56.2667
918.9453	-54.0712
919.9219	-54.9946
920.8984	-57.7722
921.875	-59.0419
922.8516	-58.5335
923.8281	-52.3103
924.8047	-67.2494
925.7813	-58.2118
926.7578	-54.3683
927.7344	-55.1493
928.7109	-68.9563
929.6875	-58.1676
930.6641	-61.5027
931.6406	-64.6216
932.6172	-57.3743
933.5938	-53.3221
934.5703	-69.5997
935.5469	-62.8559
936.5234	-54.5869
937.5	-66.3727
938.4766	-52.6738
939.4531	-55.5422
940.4297	-48.5945
941.4063	-57.6518
942.3828	-62.3303
943.3594	-60.0488
944.3359	-59.1868
945.3125	-55.8492
946.2891	-54.1522
947.2656	-54.6532
948.2422	-74.067
949.2188	-54.943
950.1953	-59.0836
951.1719	-63.6638
952.1484	-57.5511
953.125	-67.9936
954.1016	-56.0506
955.0781	-53.7249
956.0547	-55.945
957.0313	-61.3799
958.0078	-60.6235
958.9844	-57.7132
959.9609	-53.0274
960.9375	-53.494
961.9141	-60.0881
962.8906	-53.3958
963.8672	-60.3754
964.8438	-54.5009
965.8203	-67.2887
966.7969	-62.3671
967.7734	-63.6221
968.75	-65.4247
969.7266	-66.52
970.7031	-55.4317
971.6797	-59.1155
972.6563	-53.4375
973.6328	-62.5022
974.6094	-74.5901
975.5859	-56.2888
976.5625	-54.582
977.5391	-62.8951
978.5156	-64.349
979.4922	-54.2087
980.4688	-52.0009
981.4453	-65.211
982.4219	-71.0339
983.3984	-56.5811
984.375	-56.193
985.3516	-64.1182
986.3281	-64.0936
987.3047	-63.9929
988.2813	-53.2362
989.2578	-53.2902
990.2344	-59.5502
991.2109	-51.9591
992.1875	-53.6316
993.1641	-54.2382
994.1406	-55.2156
995.1172	-59.9014
996.0938	-53.5358
997.0703	-65.103
998.0469	-59.0394
999.0234	-53.9926
1000	-61.9545
1000.977	-63.6687
1001.953	-56.7063
1002.93	-61.1466
1003.906	-56.8119
1004.883	-67.1291
1005.859	-52.0549
1006.836	-62.4285
1007.813	-53.0299
1008.789	-55.9671
1009.766	-51.2764
1010.742	-58.9436
1011.719	-59.7786
1012.695	-52.3545
1013.672	-62.4162
1014.648	-65.0146
1015.625	-52.0058
1016.602	-68.7107
1017.578	-55.6896
1018.555	-54.8153
1019.531	-60.8543
1020.508	-57.4431
1021.484	-53.9287
1022.461	-53.607
1023.438	-56.2495
1024.414	-56.2201
1025.391	-51.3967
1026.367	-55.7215
1027.344	-58.6416
1028.32	-57.3596
1029.297	-49.9477
1030.273	-61.0336
1031.25	-56.419
1032.227	-61.4756
1033.203	-47.4845
1034.18	-59.312
1035.156	-55.6061
1036.133	-57.8557
1037.109	-62.2173
1038.086	-60.1028
1039.063	-60.4368
1040.039	-53.553
1041.016	-52.4626
1041.992	-55.6478
1042.969	-56.1341
1043.945	-74.3764
1044.922	-55.0682
1045.898	-51.5711
1046.875	-50.2891
1047.852	-62.2443
1048.828	-57.6838
1049.805	-57.6985
1050.781	-58.7349
1051.758	-58.617
1052.734	-58.9289
1053.711	-67.6792
1054.688	-54.5795
1055.664	-57.8336
1056.641	-63.2193
1057.617	-59.9235
1058.594	-55.3138
1059.57	-62.6496
1060.547	-51.5539
1061.523	-55.5987
1062.5	-53.774
1063.477	-58.8847
1064.453	-60.1151
1065.43	-58.1528
1066.406	-53.8943
1067.383	-60.7389
1068.359	-54.7367
1069.336	-59.4987
1070.313	-66.7582
1071.289	-49.7758
1072.266	-53.0029
1073.242	-53.44
1074.219	-50.881
1075.195	-56.0604
1076.172	-54.2627
1077.148	-55.5103
1078.125	-56.0113
1079.102	-57.9809
1080.078	-52.3054
1081.055	-60.5891
1082.031	-63.3004
1083.008	-59.2064
1083.984	-60.6185
1084.961	-62.3696
1085.938	-71.6037
1086.914	-56.279
1087.891	-60.3116
1088.867	-56.974
1089.844	-54.9037
1090.82	-58.531
1091.797	-61.7139
1092.773	-64.4964
1093.75	-55.6798
1094.727	-55.7755
1095.703	-61.1957
1096.68	-55.7657
1097.656	-53.4277
1098.633	-60.8764
1099.609	-53.855
1100.586	-55.972
1101.563	-58.4525
1102.539	-60.5129
1103.516	-59.2924
1104.492	-67.08
1105.469	-54.4936
1106.445	-78.5514
1107.422	-72.4927
1108.398	-57.6273
1109.375	-57.6248
1110.352	-61.7212
1111.328	-83.414
1112.305	-52.7646
1113.281	-59.3906
1114.258	-71.115
1115.234	-53.6733
1116.211	-65.9896
1117.188	-52.8015
1118.164	-51.8339
1119.141	-59.4913
1120.117	-51.3623
1121.094	-61.8735
1122.07	-50.822
1123.047	-59.9456
1124.023	-56.5811
1125	-59.3734
1125.977	-62.6348
1126.953	-69.3492
1127.93	-56.8488
1128.906	-55.5422
1129.883	-57.6494
1130.859	-71.6626
1131.836	-53.7372
1132.813	-64.1427
1133.789	-59.2604
1134.766	-57.0575
1135.742	-51.964
1136.719	-64.9532
1137.695	-66.2008
1138.672	-51.9124
1139.648	-58.703
1140.625	-56.7235
1141.602	-55.9597
1142.578	-68.3398
1143.555	-55.5987
1144.531	-53.8035
1145.508	-58.5531
1146.484	-74.6195
1147.461	-63.9929
1148.438	-51.6546
1149.414	-59.2089
1150.391	-77.8294
1151.367	-59.9874
1152.344	-51.1167
1153.32	-59.2162
1154.297	-56.9691
1155.273	-60.5203
1156.25	-59.9702
1157.227	-56.5565
1158.203	-60.5694
1159.18	-54.6606
1160.156	-56.1439
1161.133	-58.1602
1162.109	-53.5456
1163.086	-57.8434
1164.063	-60.1617
1165.039	-54.7244
1166.016	-56.2078
1166.992	-66.967
1167.969	-51.9959
1168.945	-57.0158
1169.922	-55.3359
1170.898	-56.5123
1171.875	-61.5027
1172.852	-54.5378
1173.828	-71.4662
1174.805	-57.6248
1175.781	-56.7947
1176.758	-52.8187
1177.734	-56.279
1178.711	-60.9108
1179.688	-60.2109
1180.664	-54.9651
1181.641	-53.354
1182.617	-62.4531
1183.594	-52.7646
1184.57	-54.1203
1185.547	-51.7602
1186.523	-66.827
1187.5	-56.2053
1188.477	-57.394
1189.453	-60.3066
1190.43	-54.0319
1191.406	-57.1115
1192.383	-61.7482
1193.359	-56.4927
1194.336	-55.7559
1195.313	-58.7251
1196.289	-55.2107
1197.266	-63.9414
1198.242	-59.2973
1199.219	-67.0382
1200.195	-54.9847
1201.172	-53.4547
1202.148	-49.6064
1203.125	-60.1077
1204.102	-84.6886
1205.078	-66.8663
1206.055	-58.3346
1207.031	-51.5563
1208.008	-66.159
1208.984	-57.4259
1209.961	-52.8801
1210.938	-52.5117
1211.914	-68.7303
1212.891	-54.361
1213.867	-57.8581
1214.844	-61.6525
1215.82	-59.1622
1216.797	-54.6483
1217.773	-60.4957
1218.75	-55.4808
1219.727	-59.1573
1220.703	-54.3806
1221.68	-62.8976
1222.656	-61.9251
1223.633	-63.3274
1224.609	-57.2859
1225.586	-51.3009
1226.563	-56.2151
1227.539	-58.6882
1228.516	-59.3292
1229.492	-53.9238
1230.469	-58.17
1231.445	-58.1872
1232.422	-54.2087
1233.398	-61.9595
1234.375	-59.9505
1235.352	-56.3748
1236.328	-56.6744
1237.305	-58.3567
1238.281	-61.4683
1239.258	-52.6787
1240.234	-65.13
1241.211	-62.8485
1242.188	-62.7871
1243.164	-57.5683
1244.141	-62.5685
1245.117	-53.9336
1246.094	-55.8468
1247.07	-58.1062
1248.047	-56.6425
1249.023	-63.9757
1250	-59.9874
1250.977	-51.0308
1251.953	-63.4968
1252.93	-54.857
1253.906	-52.1973
1254.883	-56.1685
1255.859	-53.58
1256.836	-71.9672
1257.813	-63.1727
1258.789	-63.4453
1259.766	-56.7112
1260.742	-56.2397
1261.719	-54.0319
1262.695	-55.7952
1263.672	-51.4949
1264.648	-61.7482
1265.625	-70.7687
1266.602	-51.7233
1267.578	-63.3937
1268.555	-53.774
1269.531	-57.7034
1270.508	-64.5602
1271.484	-78.6472
1272.461	-59.619
1273.438	-50.9645
1274.414	-68.2612
1275.391	-51.4999
1276.367	-55.1935
1277.344	-65.4886
1278.32	-61.7458
1279.297	-54.6581
1280.273	-55.1493
1281.25	-56.6376
1282.227	-60.8076
1283.203	-58.143
1284.18	-70.7491
1285.156	-62.0405
1286.133	-56.6818
1287.109	-55.0879
1288.086	-55.2844
1289.063	-63.8087
1290.039	-54.1178
1291.016	-56.225
1291.992	-71.6725
1292.969	-67.8708
1293.945	-54.4837
1294.922	-65.0956
1295.898	-58.4574
1296.875	-55.8099
1297.852	-53.995
1298.828	-63.1579
1299.805	-58.8577
1300.781	-53.6217
1301.758	-60.1544
1302.734	-58.8552
1303.711	-64.7272
1304.688	-61.3455
1305.664	-59.0689
1306.641	-66.7607
1307.617	-70.2947
1308.594	-54.1571
1309.57	-57.9343
1310.547	-58.2363
1311.523	-58.59
1312.5	-63.9364
1313.477	-54.6679
1314.453	-53.0765
1315.43	-55.3654
1316.406	-64.543
1317.383	-56.4853
1318.359	-56.834
1319.336	-53.1428
1320.313	-56.2913
1321.289	-58.5237
1322.266	-56.9765
1323.242	-53.3172
1324.219	-53.4253
1325.195	-63.9635
1326.172	-55.7976
1327.148	-57.3547
1328.125	-53.9164
1329.102	-60.8764
1330.078	-59.6755
1331.055	-53.386
1332.031	-58.7766
1333.008	-55.277
1333.984	-48.8279
1334.961	-51.7798
1335.938	-63.4551
1336.914	-71.2157
1337.891	-58.089
1338.867	-52.8334
1339.844	-56.8807
1340.82	-56.1636
1341.797	-66.1737
1342.773	-57.2098
1343.75	-49.766
1344.727	-68.8998
1345.703	-58.4574
1346.68	-53.4032
1347.656	-51.2051
1348.633	-84.2122
1349.609	-63.9831
1350.586	-55.1517
1351.563	-59.371
1352.539	-65.4493
1353.516	-70.7024
1354.492	-54.5623
1355.469	-63.0474
1356.445	-57.0698
1357.422	-52.7745
1358.398	-56.2986
1359.375	-53.079
1360.352	-61.2595
1361.328	-56.9175
1362.305	-55.7436
1363.281	-57.9269
1364.258	-59.5281
1365.234	-51.7405
1366.211	-55.0069
1367.188	-56.446
1368.164	-70.3438
1369.141	-62.8559
1370.117	-62.6741
1371.094	-53.5677
1372.07	-68.3447
1373.047	-60.9304
1374.023	-62.2394
1375	-50.8097
1375.977	-82.0903
1376.953	-58.6931
1377.93	-63.6442
1378.906	-59.1376
1379.883	-52.9758
1380.859	-67.9272
1381.836	-55.0805
1382.813	-54.3118
1383.789	-52.4797
1384.766	-59.6558
1385.742	-62.5538
1386.719	-60.1568
1387.695	-51.4409
1388.672	-55.3458
1389.648	-68.222
1390.625	-56.0899
1391.602	-53.0127
1392.578	-57.6739
1393.555	-57.114
1394.531	-53.774
1395.508	-58.2412
1396.484	-57.5487
1397.461	-55.5422
1398.438	-59.6878
1399.414	-62.7994
1400.391	-56.4411
1401.367	-54.9356
1402.344	-57.3375
1403.32	-54.916
1404.297	-56.8291
1405.273	-52.1605
1406.25	-58.2879
1407.227	-54.0098
1408.203	-54.5722
1409.18	-57.8409
1410.156	-60.2428
1411.133	-55.5987
1412.109	-67.8413
1413.086	-58.9608
1414.063	-59.3538
1415.039	-59.4201
1416.016	-58.2805
1416.992	-55.1935
1417.969	-60.4515
1418.945	-55.4882
1419.922	-66.6158
1420.898	-55.2352
1421.875	-51.7553
1422.852	-58.2314
1423.828	-53.5996
1424.805	-55.9696
1425.781	-56.2544
1426.758	-60.6136
1427.734	-53.2853
1428.711	-63.6589
1429.688	-55.1321
1430.664	-67.5466
1431.641	-53.7912
1432.617	-54.1792
1433.594	-59.9039
1434.57	-58.1381
1435.547	-51.3746
1436.523	-56.2618
1437.5	-62.2615
1438.477	-58.8896
1439.453	-60.5891
1440.43	-70.9087
1441.406	-51.716
1442.383	-70.226
1443.359	-57.836
1444.336	-67.1856
1445.313	-60.5424
1446.289	-54.6753
1447.266	-65.7243
1448.242	-59.7271
1449.219	-53.7249
1450.195	-59.1008
1451.172	-54.1571
1452.148	-57.7304
1453.125	-57.6371
1454.102	-61.7777
1455.078	-52.9144
1456.055	-55.1591
1457.031	-61.2571
1458.008	-56.7235
1458.984	-52.0401
1459.961	-61.6525
1460.938	-63.7891
1461.914	-52.578
1462.891	-58.9805
1463.867	-55.1567
1464.844	-54.7809
1465.82	-51.0897
1466.797	-63.988
1467.773	-49.68
1468.75	-52.7695
1469.727	-52.7695
1470.703	-62.3278
1471.68	-59.1696
1472.656	-56.7358
1473.633	-66.9105
1474.609	-61.2595
1475.586	-52.4331
1476.563	-59.8621
1477.539	-53.9729
1478.516	-59.0124
1479.492	-57.1754
1480.469	-59.8597
1481.445	-76.933
1482.422	-60.9231
1483.398	-55.5422
1484.375	-57.6862
1485.352	-54.0736
1486.328	-53.0741
1487.305	-55.3335
1488.281	-70.7368
1489.258	-55.9155
1490.234	-61.9226
1491.211	-57.0894
1492.188	-53.9238
1493.164	-56.0653
1494.141	-56.7775
1495.117	-68.1213
1496.094	-55.665
1497.07	-55.5545
1498.047	-50.515
1499.023	-55.6331
1500	-55.8934
1500.977	-53.2091
1501.953	-66.7435
1502.93	-54.7711
1503.906	-63.0695
1504.883	-53.5235
1505.859	-52.1679
1506.836	-58.4328
1507.813	-56.7947
1508.789	-59.479
1509.766	-60.1667
1510.742	-69.386
1511.719	-66.3113
1512.695	-76.071
1513.672	-67.0603
1514.648	-61.6132
1515.625	-66.8074
1516.602	-54.6434
1517.578	-58.3002
1518.555	-59.3783
1519.531	-59.7835
1520.508	-55.8738
1521.484	-56.6425
1522.461	-59.7688
1523.438	-52.2587
1524.414	-43.7393
1525.391	-52.185
1526.367	-59.204
1527.344	-57.9834
1528.32	-48.1599
1529.297	-47.5508
1530.273	-55.3507
1531.25	-58.2928
1532.227	-75.3514
1533.203	-58.9854
1534.18	-60.6284
1535.156	-55.1689
1536.133	-53.4474
1537.109	-53.2165
1538.086	-58.2535
1539.063	-55.6331
1540.039	-58.7815
1541.016	-52.2563
1541.992	-57.9588
1542.969	-54.997
1543.945	-58.9854
1544.922	-58.4402
1545.898	-61.3111
1546.875	-57.4505
1547.852	-56.9347
1548.828	-51.2125
1549.805	-53.6168
1550.781	-61.4314
1551.758	-61.0066
1552.734	-60.1249
1553.711	-63.5803
1554.688	-60.0046
1555.664	-52.1531
1556.641	-63.8431
1557.617	-54.5059
1558.594	-58.1258
1559.57	-56.8807
1560.547	-61.37
1561.523	-60.093
1562.5	-67.4926
1563.477	-58.7791
1564.453	-49.9035
1565.43	-53.8526
1566.406	-59.9726
1567.383	-57.3399
1568.359	-64.3245
1569.336	-61.402
1570.313	-59.6829
1571.289	-58.7766
1572.266	-59.452
1573.242	-54.9234
1574.219	-60.3779
1575.195	-53.72
1576.172	-55.9966
1577.148	-59.8621
1578.125	-69.9411
1579.102	-64.7911
1580.078	-59.2113
1581.055	-78.0013
1582.031	-65.7391
1583.008	-61.1024
1583.984	-53.1183
1584.961	-55.2696
1585.938	-57.2785
1586.914	-52.2268
1587.891	-53.4154
1588.867	-63.8136
1589.844	-60.6824
1590.82	-56.3355
1591.797	-55.2328
1592.773	-51.0725
1593.75	-55.3335
1594.727	-52.9857
1595.703	-61.6107
1596.68	-53.4056
1597.656	-52.5166
1598.633	-59.3071
1599.609	-52.6713
1600.586	-60.8838
1601.563	-57.4382
1602.539	-54.1645
1603.516	-60.9673
1604.492	-63.9045
1605.469	-56.36
1606.445	-48.6387
1607.422	-62.0503
1608.398	-55.7019
1609.375	-52.5903
1610.352	-53.6635
1611.328	-59.6878
1612.305	-57.7722
1613.281	-70.7884
1614.258	-55.4096
1615.234	-52.8137
1616.211	-65.9552
1617.188	-55.724
1618.164	-65.4665
1619.141	-53.9901
1620.117	-58.8159
1621.094	-58.6612
1622.07	-56.0727
1623.047	-66.1467
1624.023	-55.692
1625	-56.2986
1625.977	-62.9172
1626.953	-57.0207
1627.93	-59.9186
1628.906	-57.6199
1629.883	-67.1315
1630.859	-65.324
1631.836	-50.7434
1632.813	-61.5199
1633.789	-55.2549
1634.766	-61.7777
1635.742	-60.2281
1636.719	-63.4649
1637.695	-58.256
1638.672	-59.1229
1639.648	-60.4761
1640.625	-58.865
1641.602	-63.4772
1642.578	-57.8557
1643.555	-57.6273
1644.531	-63.6933
1645.508	-62.1977
1646.484	-54.8669
1647.461	-59.0762
1648.438	-53.0127
1649.414	-74.6564
1650.391	-66.5397
1651.367	-64.2115
1652.344	-52.9857
1653.32	-53.7765
1654.297	-47.6638
1655.273	-61.4535
1656.25	-56.1169
1657.227	-54.4371
1658.203	-61.9619
1659.18	-51.8461
1660.156	-63.627
1661.133	-83.3526
1662.109	-72.4264
1663.086	-65.9625
1664.063	-54.6409
1665.039	-60.481
1666.016	-59.4545
1666.992	-54.3167
1667.969	-60.3116
1668.945	-67.5711
1669.922	-58.3911
1670.898	-54.8841
1671.875	-55.6601
1672.852	-57.6125
1673.828	-55.2524
1674.805	-56.0064
1675.781	-52.3373
1676.758	-55.6208
1677.734	-58.7594
1678.711	-59.4397
1679.688	-58.6612
1680.664	-59.3734
1681.641	-65.2258
1682.617	-59.9186
1683.594	-63.4182
1684.57	-60.3582
1685.547	-61.5125
1686.523	-52.9095
1687.5	-54.2652
1688.477	-50.0705
1689.453	-55.0633
1690.43	-61.203
1691.406	-57.8041
1692.383	-70.086
1693.359	-57.8778
1694.336	-51.5465
1695.313	-60.4761
1696.289	-55.2598
1697.266	-57.2
1698.242	-58.838
1699.219	-55.6429
1700.195	-49.3706
1701.172	-67.2568
1702.148	-54.8841
1703.125	-53.6144
1704.102	-57.0379
1705.078	-62.5832
1706.055	-60.1372
1707.031	-62.205
1708.008	-56.78
1708.984	-55.9867
1709.961	-51.5563
1710.938	-52.0917
1711.914	-62.652
1712.891	-60.9845
1713.867	-51.7405
1714.844	-60.8666
1715.82	-66.1295
1716.797	-59.398
1717.773	-60.8568
1718.75	-57.561
1719.727	-54.3069
1720.703	-66.9891
1721.68	-66.0141
1722.656	-53.1527
1723.633	-52.1384
1724.609	-58.6637
1725.586	-68.5265
1726.563	-72.8046
1727.539	-79.2219
1728.516	-58.9387
1729.492	-54.0319
1730.469	-58.1307
1731.445	-53.5014
1732.422	-62.0896
1733.398	-52.4871
1734.375	-67.1757
1735.352	-55.0437
1736.328	-57.9023
1737.305	-58.6661
1738.281	-61.9963
1739.258	-65.7882
1740.234	-55.8959
1741.211	-67.8069
1742.188	-54.2234
1743.164	-62.8804
1744.141	-56.2986
1745.117	-55.584
1746.094	-64.8328
1747.07	-56.6425
1748.047	-58.3419
1749.023	-49.4246
1750	-54.162
1750.977	-73.8189
1751.953	-60.5228
1752.93	-61.2522
1753.906	-52.8678
1754.883	-53.2951
1755.859	-64.8918
1756.836	-55.5029
1757.813	-50.6084
1758.789	-49.8127
1759.766	-58.703
1760.742	-52.5755
1761.719	-53.0151
1762.695	-59.5453
1763.672	-57.6813
1764.648	-59.5625
1765.625	-59.7786
1766.602	-67.6743
1767.578	-57.3277
1768.555	-58.0178
1769.531	-60.2231
1770.508	-58.2683
1771.484	-65.5082
1772.461	-67.6252
1773.438	-51.4876
1774.414	-57.0698
1775.391	-62.8927
1776.367	-62.8043
1777.344	-55.8369
1778.32	-61.4265
1779.297	-56.4632
1780.273	-50.8048
1781.25	-53.0765
1782.227	-59.5109
1783.203	-64.9728
1784.18	-55.6036
1785.156	-52.5755
1786.133	-60.5522
1787.109	-52.9022
1788.086	-56.8537
1789.063	-51.6595
1790.039	-58.0521
1791.016	-55.2966
1791.992	-64.0445
1792.969	-58.3861
1793.945	-65.658
1794.922	-60.7585
1795.898	-54.5353
1796.875	-51.2715
1797.852	-60.0439
1798.828	-59.7516
1799.805	-51.5932
1800.781	-55.611
1801.758	-63.7793
1802.734	-54.0761
1803.711	-54.4641
1804.688	-60.982
1805.664	-55.4956
1806.641	-56.1513
1807.617	-59.9972
1808.594	-55.5545
1809.57	-61.009
1810.547	-64.1673
1811.523	-59.506
1812.5	-68.4896
1813.477	-59.2948
1814.453	-66.5274
1815.43	-50.9301
1816.406	-66.3334
1817.383	-58.4279
1818.359	-53.4253
1819.336	-50.8736
1820.313	-58.3616
1821.289	-62.8387
1822.266	-55.4931
1823.242	-55.6159
1824.219	-59.312
1825.195	-56.2986
1826.172	-69.9214
1827.148	-52.6885
1828.125	-60.815
1829.102	-59.5208
1830.078	-61.7261
1831.055	-63.7645
1832.031	-59.9972
1833.008	-55.697
1833.984	-62.011
1834.961	-50.3063
1835.938	-53.1477
1836.914	-62.1093
1837.891	-54.1006
1838.867	-58.6195
1839.844	-50.768
1840.82	-51.9861
1841.797	-55.7657
1842.773	-56.7947
1843.75	-55.3237
1844.727	-68.4307
1845.703	-55.9917
1846.68	-52.686
1847.656	-55.0977
1848.633	-52.632
1849.609	-56.1095
1850.586	-55.9475
1851.563	-55.9966
1852.539	-55.1984
1853.516	-57.3596
1854.492	-60.6603
1855.469	-54.9062
1856.445	-50.7975
1857.422	-61.9423
1858.398	-59.5674
1859.375	-58.2314
1860.352	-52.0991
1861.328	-53.3614
1862.305	-63.9536
1863.281	-63.5681
1864.258	-50.8073
1865.234	-57.8336
1866.211	-63.5386
