LECROYWS24Xs-A	49590	Waveform
Segments	1	SegmentSize	1867
Segment	TrigTime	TimeSinceSegment1
#1	03-Jan-2003 02:05:39	0                 
Time	Ampl
0	-131.937
1	-68.6935
2	-71.8075
3	-65.5279
4	-76.7537
5	-63.3397
6	-70.5821
7	-65.5622
8	-67.3747
9	-69.165
10	-63.4011
11	-69.9877
12	-74.9855
13	-72.9446
14	-80.6684
15	-81.0318
16	-76.5842
17	-67.4533
18	-71.9254
19	-66.2843
20	-71.9942
21	-65.1988
22	-76.6383
23	-75.6289
24	-75.7787
25	-76.4492
26	-66.8467
27	-66.1025
28	-67.4582
29	-68.8826
30	-68.2539
31	-62.6618
32	-64.3736
33	-66.493
34	-68.2662
35	-75.1475
36	-64.9728
37	-62.9983
38	-70.7662
39	-76.3927
40	-67.9764
41	-69.5162
42	-65.9945
43	-68.0967
44	-78.6619
45	-67.6227
46	-69.6194
47	-72.5836
48	-64.8795
49	-64.209
50	-65.2651
51	-69.3566
52	-59.4201
53	-67.3968
54	-65.7612
55	-63.9929
56	-62.7478
57	-59.2604
58	-63.2783
59	-58.9657
60	-54.9528
61	-39.886
62	-48.8622
63	-55.9229
64	-58.2339
65	-62.3549
66	-66.3776
67	-65.4051
68	-65.4149
69	-67.7971
70	-68.05
71	-75.3833
72	-63.6344
73	-66.2622
74	-76.7905
75	-73.8263
76	-78.6717
77	-70.6754
78	-73.3081
79	-70.7613
80	-66.0338
81	-67.5368
82	-71.9672
83	-86.9284
84	-64.7493
85	-68.4946
86	-64.6879
87	-76.8298
88	-67.1536
89	-71.5497
90	-68.2883
91	-64.1403
92	-76.5449
93	-70.9603
94	-74.5876
95	-69.6316
96	-66.8688
97	-63.9364
98	-76.6825
99	-66.9326
100	-75.0616
101	-67.7013
102	-74.4624
103	-78.8019
104	-66.4169
105	-60.6087
106	-70.6999
107	-66.0018
108	-66.1737
109	-64.3466
110	-72.7334
111	-63.4993
112	-67.1954
113	-61.6795
114	-64.1747
115	-65.8864
116	-61.5321
117	-58.3247
118	-56.5099
119	-55.0805
120	-53.4449
121	-49.1692
122	-39.5323
123	-36.0352
124	-46.6912
125	-50.6894
126	-54.1989
127	-55.9204
128	-57.3596
129	-59.285
130	-59.5895
131	-57.1484
132	-60.8911
133	-62.2542
134	-63.6024
135	-57.2122
136	-58.3788
137	-59.7713
138	-58.9142
139	-62.0356
140	-68.8384
141	-61.5665
142	-69.0864
143	-65.7808
144	-64.4031
145	-63.8529
146	-63.8357
147	-68.8998
148	-68.3718
149	-61.6328
150	-61.1785
151	-65.7685
152	-59.9088
153	-59.3489
154	-65.4836
155	-73.7452
156	-63.3004
157	-66.4046
158	-65.6138
159	-62.2026
160	-69.2117
161	-60.0169
162	-61.5984
163	-60.8592
164	-61.3897
165	-65.2479
166	-61.3381
167	-61.0066
168	-64.0298
169	-61.8956
170	-61.0606
171	-58.0865
172	-60.6824
173	-58.0669
174	-56.8635
175	-56.7284
176	-57.9613
177	-52.6296
178	-58.6342
179	-54.1571
180	-51.3476
181	-49.766
182	-44.5743
183	-40.1439
184	-31.1676
185	-39.8983
186	-44.5006
187	-47.929
188	-50.6575
189	-53.8919
190	-55.7436
191	-56.3723
192	-56.9151
193	-58.8724
194	-61.7212
195	-65.1275
196	-61.9742
197	-65.911
198	-63.3961
199	-67.08
200	-67.8855
201	-63.7645
202	-67.3256
203	-65.7243
204	-63.5263
205	-67.9813
206	-73.7673
207	-69.5113
208	-72.3159
209	-78.797
210	-71.8714
211	-73.647
212	-67.8216
213	-69.0594
214	-66.4439
215	-78.4925
216	-65.0269
217	-72.5001
218	-69.9705
219	-66.5863
220	-67.274
221	-77.9251
222	-61.8931
223	-70.4814
224	-67.2814
225	-75.9801
226	-65.685
227	-72.9053
228	-68.5412
229	-68.6935
230	-72.4019
231	-67.9567
232	-71.3532
233	-67.3084
234	-73.0895
235	-67.2666
236	-80.9729
237	-70.7122
238	-67.3305
239	-69.9288
240	-64.2852
241	-67.7701
242	-59.7713
243	-61.1466
244	-52.2636
245	-39.5299
246	-43.3119
247	-52.4724
248	-56.6449
249	-57.5855
250	-61.5984
251	-61.623
252	-64.4571
253	-62.8755
254	-62.905
255	-87.7634
256	-68.1041
257	-63.0425
258	-65.3338
259	-64.0592
260	-76.7365
261	-64.9949
262	-79.8211
263	-69.1626
264	-67.3526
265	-66.2572
266	-65.7096
267	-63.0597
268	-67.0922
269	-62.8116
270	-74.2143
271	-72.1072
272	-62.8215
273	-70.695
274	-73.2983
275	-68.5977
276	-76.96
277	-70.835
278	-62.7478
279	-69.0545
280	-75.5331
281	-76.0489
282	-66.1639
283	-78.0062
284	-66.9228
285	-74.0989
286	-75.7984
287	-73.9221
288	-71.0855
289	-69.1233
290	-67.0235
291	-66.4709
292	-72.2914
293	-67.048
294	-66.0338
295	-67.5171
296	-70.1695
297	-64.2975
298	-72.1047
299	-75.069
300	-64.1231
301	-69.1969
302	-69.0668
303	-65.2331
304	-69.4843
305	-67.8904
306	-59.533
307	-37.3982
308	-54.0957
309	-62.0749
310	-61.9152
311	-62.7183
312	-70.6606
313	-66.4807
314	-76.0513
315	-69.0447
316	-70.3659
317	-61.2399
318	-64.2827
319	-73.9
320	-66.8319
321	-75.231
322	-69.084
323	-70.3684
324	-69.946
325	-74.4501
326	-72.5026
327	-69.2461
328	-69.1527
329	-66.9719
330	-72.117
331	-62.9443
332	-64.0249
333	-67.2298
334	-66.245
335	-71.3606
336	-66.051
337	-71.0831
338	-80.6119
339	-71.0339
340	-64.3687
341	-68.2612
342	-66.5225
343	-67.7308
344	-69.2903
345	-67.856
346	-60.2575
347	-65.518
348	-68.1286
349	-69.8772
350	-61.5395
351	-62.3745
352	-64.0862
353	-73.4849
354	-71.2918
355	-64.3539
356	-63.1334
357	-68.6665
358	-70.1867
359	-72.2471
360	-67.883
361	-62.8608
362	-62.9811
363	-61.8342
364	-62.1952
365	-69.7765
366	-55.9204
367	-55.5742
368	-44.3041
369	-38.7636
370	-50.7017
371	-55.7854
372	-57.5069
373	-56.9838
374	-60.535
375	-71.6676
376	-64.4595
377	-69.8772
378	-63.9806
379	-70.8669
380	-72.3822
381	-67.5883
382	-64.4473
383	-67.3157
384	-66.1492
385	-68.1532
386	-73.1853
387	-74.148
388	-67.554
389	-70.1523
390	-80.9876
391	-72.3331
392	-69.4352
393	-66.4562
394	-75.8278
395	-74.3052
396	-66.6944
397	-68.6174
398	-73.5463
399	-73.3523
400	-75.4889
401	-74.6023
402	-67.0824
403	-69.7864
404	-69.2927
405	-72.6106
406	-66.4734
407	-65.4198
408	-61.8563
409	-78.3377
410	-75.7222
411	-71.336
412	-71.5816
413	-68.6395
414	-73.6077
415	-69.4769
416	-83.581
417	-65.4517
418	-65.2282
419	-76.7488
420	-70.0835
421	-65.4247
422	-69.8723
423	-65.5229
424	-64.5578
425	-80.4449
426	-65.7562
427	-65.4812
428	-71.7167
429	-81.749
430	-63.9659
431	-51.3157
432	-69.057
433	-71.1248
434	-72.7653
435	-67.0898
436	-73.453
437	-74.2462
438	-73.4923
439	-65.9846
440	-72.8145
441	-64.8869
442	-71.0953
443	-72.0212
444	-70.6533
445	-70.2554
446	-75.5331
447	-71.3458
448	-66.746
449	-68.8949
450	-73.0723
451	-66.9621
452	-81.7023
453	-66.3825
454	-72.7555
455	-79.3815
456	-73.7796
457	-69.2682
458	-79.3004
459	-79.3667
460	-85.3886
461	-70.6729
462	-68.1581
463	-67.3599
464	-71.9426
465	-72.4755
466	-69.7544
467	-74.9511
468	-75.5822
469	-65.9257
470	-63.2783
471	-72.6941
472	-66.9326
473	-68.1802
474	-63.3249
475	-69.4573
476	-74.2683
477	-75.6363
478	-76.373
479	-75.9236
480	-67.7234
481	-67.6571
482	-65.1619
483	-70.9554
484	-63.9217
485	-67.6203
486	-67.5736
487	-65.825
488	-65.712
489	-66.1271
490	-63.1432
491	-47.2438
492	-49.9232
493	-37.1575
494	-47.4722
495	-56.7382
496	-63.4207
497	-61.7532
498	-62.7822
499	-75.8696
500	-72.8218
501	-67.9174
502	-63.0253
503	-67.4336
504	-63.7522
505	-80.0667
506	-63.2095
507	-72.004
508	-67.6792
509	-71.5423
510	-72.8366
511	-81.1227
512	-69.6832
513	-66.9154
514	-66.9891
515	-80.3123
516	-81.7195
517	-73.7305
518	-67.7897
519	-69.7372
520	-68.5879
521	-77.0238
522	-72.4584
523	-74.0645
524	-68.5731
525	-66.3727
526	-68.556
527	-72.1194
528	-66.1418
529	-71.056
530	-77.8367
531	-83.888
532	-69.2878
533	-68.276
534	-71.9279
535	-71.6283
536	-68.6566
537	-74.5508
538	-67.9199
539	-72.8562
540	-73.6838
541	-77.2375
542	-68.1188
543	-71.7412
544	-74.1627
545	-70.8424
546	-67.5908
547	-66.4586
548	-66.7067
549	-69.9951
550	-68.0525
551	-63.045
552	-61.0066
553	-62.4334
554	-58.8307
555	-48.8426
556	-36.6442
557	-48.9359
558	-55.3875
559	-60.2575
560	-61.6869
561	-75.3514
562	-76.1127
563	-74.5729
564	-63.5558
565	-64.548
566	-69.9804
567	-65.0735
568	-69.9141
569	-69.219
570	-76.9895
571	-63.7351
572	-62.4236
573	-69.9239
574	-73.9982
575	-68.0427
576	-80.2656
577	-70.2996
578	-66.2057
579	-78.4016
580	-64.823
581	-72.5443
582	-72.5615
583	-71.0781
584	-71.6725
585	-66.8196
586	-71.5423
587	-71.4637
588	-65.4615
589	-70.4126
590	-68.1827
591	-72.1661
592	-70.1056
593	-65.3166
594	-65.1742
595	-68.2637
596	-82.8271
597	-70.2014
598	-63.1923
599	-70.7417
600	-73.6372
601	-76.8495
602	-77.2621
603	-70.3684
604	-70.8055
605	-68.1164
606	-73.0871
607	-66.0485
608	-69.7962
609	-70.3586
610	-68.2342
611	-67.6497
612	-65.1153
613	-61.2374
614	-64.8107
615	-73.2295
616	-58.9436
617	-59.2654
618	-49.8912
619	-51.9444
620	-56.6326
621	-66.3064
622	-70.7884
623	-61.8489
624	-66.8049
625	-65.1914
626	-71.39
627	-69.7225
628	-66.3825
629	-71.5423
630	-71.2329
631	-80.8378
632	-68.6272
633	-74.6539
634	-92.098
635	-76.6014
636	-69.639
637	-70.2677
638	-70.7368
639	-72.3945
640	-68.6345
641	-70.3758
642	-66.2548
643	-72.2496
644	-67.6669
645	-78.35
646	-75.3268
647	-77.1245
648	-73.6028
649	-65.4051
650	-62.2468
651	-70.2849
652	-63.1972
653	-70.0418
654	-67.2101
655	-68.5142
656	-67.274
657	-68.1483
658	-79.9488
659	-74.7571
660	-80.3417
661	-72.4854
662	-70.3168
663	-76.8863
664	-71.8051
665	-71.6037
666	-81.7612
667	-76.6997
668	-68.2612
669	-71.5841
670	-69.7962
671	-76.4934
672	-68.1532
673	-84.556
674	-68.2146
675	-65.6506
676	-67.9051
677	-68.1065
678	-78.3328
679	-70.7171
680	-66.0215
681	-65.5966
682	-54.1154
683	-59.6853
684	-77.2277
685	-75.6608
686	-64.3564
687	-77.2031
688	-89.3646
689	-70.0786
690	-69.806
691	-64.9753
692	-76.3829
693	-65.7292
694	-67.8364
695	-70.9848
696	-71.6234
697	-74.7939
698	-73.4432
699	-76.9919
700	-63.2635
701	-72.1612
702	-73.9589
703	-70.9013
704	-64.963
705	-68.6714
706	-71.2795
707	-69.8821
708	-67.4705
709	-72.532
710	-65.2995
711	-73.1264
712	-68.2048
713	-68.7696
714	-68.0844
715	-68.5903
716	-65.5033
717	-81.4076
718	-72.9544
719	-72.3036
720	-70.4961
721	-73.7305
722	-68.4553
723	-64.2606
724	-71.923
725	-64.8844
726	-72.5541
727	-66.7558
728	-72.5345
729	-66.5077
730	-74.789
731	-67.2519
732	-72.5271
733	-68.0771
734	-69.4081
735	-78.4532
736	-78.0921
737	-65.6605
738	-72.1661
739	-65.5279
740	-65.378
741	-77.8785
742	-67.6645
743	-69.7986
744	-59.9997
745	-46.2271
746	-50.6845
747	-61.375
748	-62.6324
749	-65.2479
750	-64.3146
751	-61.3627
752	-76.8028
753	-67.2764
754	-84.2859
755	-83.694
756	-72.6769
757	-74.0326
758	-87.1838
759	-68.718
760	-85.3247
761	-72.6057
762	-70.8154
763	-75.5675
764	-70.8792
765	-66.7337
766	-68.7696
767	-68.3226
768	-77.3971
769	-64.7272
770	-69.4622
771	-68.0157
772	-81.5427
773	-82.304
774	-63.961
775	-80.0495
776	-82.6945
777	-75.4324
778	-69.2092
779	-67.9985
780	-75.7591
781	-72.7678
782	-68.7573
783	-73.5758
784	-73.232
785	-67.4312
786	-69.3639
787	-75.2654
788	-68.2686
789	-66.9424
790	-65.5475
791	-69.0692
792	-67.6473
793	-79.2906
794	-68.6616
795	-73.9859
796	-66.1811
797	-66.0313
798	-66.4414
799	-65.7955
800	-70.7491
801	-69.1036
802	-78.2935
803	-86.0885
804	-69.5899
805	-66.773
806	-70.5182
807	-71.336
808	-68.2023
809	-59.6607
810	-58.9387
811	-67.888
812	-80.3123
813	-72.8316
814	-70.4151
815	-69.7667
816	-81.5206
817	-68.1679
818	-79.4183
819	-71.6676
820	-65.992
821	-65.6801
822	-71.2083
823	-64.2115
824	-68.4921
825	-76.6776
826	-80.0814
827	-68.2588
828	-72.1391
829	-84.0649
830	-67.6964
831	-80.882
832	-67.4213
833	-70.9259
834	-90.6368
835	-80.3589
836	-63.9389
837	-71.4318
838	-74.8528
839	-85.2437
840	-70.388
841	-75.9211
842	-69.1896
843	-70.4151
844	-68.4823
845	-63.4968
846	-64.8942
847	-74.7399
848	-70.5575
849	-72.2226
850	-68.8114
851	-66.2794
852	-68.5461
853	-79.6909
854	-68.1458
855	-76.2576
856	-69.2755
857	-67.4803
858	-69.0815
859	-71.9991
860	-73.6396
861	-67.775
862	-70.4445
863	-67.3305
864	-62.9615
865	-74.9437
866	-69.4401
867	-65.1619
868	-68.9464
869	-71.0462
870	-63.7547
871	-69.8502
872	-69.946
873	-70.7098
874	-75.3121
875	-80.1502
876	-81.6458
877	-66.5225
878	-70.0246
879	-64.6757
880	-64.1722
881	-76.1864
882	-67.2912
883	-73.9442
884	-75.737
885	-70.9922
886	-74.202
887	-65.7808
888	-73.0183
889	-71.3704
890	-67.4041
891	-76.2601
892	-69.3762
893	-72.1121
894	-67.8511
895	-67.3673
896	-65.965
897	-69.86
898	-75.6952
899	-72.866
900	-74.703
901	-65.1546
902	-76.8421
903	-67.5613
904	-66.8614
905	-71.3115
906	-85.9706
907	-92.0268
908	-65.5303
909	-70.9259
910	-68.4553
911	-74.8553
912	-71.9107
913	-68.583
914	-65.0735
915	-71.5128
916	-68.3005
917	-68.4847
918	-65.1767
919	-69.4622
920	-65.6457
921	-71.7461
922	-69.4867
923	-70.9554
924	-73.9663
925	-68.0476
926	-63.5902
927	-71.228
928	-75.7762
929	-66.8074
930	-70.7147
931	-65.6482
932	-73.2467
933	-67.8757
934	-77.3996
935	-69.1429
936	-71.3262
937	-68.2834
938	-69.5039
939	-70.975
940	-72.2079
941	-76.0906
942	-72.4068
943	-68.1925
944	-75.123
945	-75.1451
946	-66.7239
947	-67.6669
948	-67.3722
949	-83.7014
950	-67.0259
951	-78.1241
952	-74.9241
953	-65.518
954	-64.2041
955	-66.0485
956	-64.0273
957	-65.4051
958	-82.2794
959	-72.198
960	-70.8596
961	-70.2874
962	-68.1311
963	-77.5813
964	-75.2286
965	-65.3658
966	-76.4737
967	-69.5039
968	-62.878
969	-68.1999
970	-68.3595
971	-76.6014
972	-69.5187
973	-79.659
974	-74.8086
975	-70.8006
976	-69.0226
977	-70.6852
978	-73.8361
979	-70.3684
980	-74.5409
981	-79.5387
982	-69.1601
983	-77.6476
984	-69.8281
985	-69.4327
986	-64.9998
987	-66.1787
988	-69.6758
989	-65.4222
990	-69.8674
991	-65.9871
992	-75.0542
993	-72.063
994	-70.3635
995	-67.7111
996	-69.6218
997	-65.5868
998	-77.8367
999	-71.2476
1000	-67.608
1001	-71.6749
1002	-70.086
1003	-74.5409
1004	-80.1281
1005	-68.4626
1006	-66.1516
1007	-78.7086
1008	-75.6657
1009	-66.3629
1010	-69.0741
1011	-64.8328
1012	-82.0117
1013	-79.9832
1014	-69.2436
1015	-65.0219
1016	-78.1806
1017	-73.814
1018	-69.3075
1019	-67.942
1020	-65.1889
1021	-66.9793
1022	-69.0054
1023	-66.719
1024	-68.4872
1025	-64.4129
1026	-66.6134
1027	-69.1306
1028	-69.9141
1029	-65.8103
1030	-74.4206
1031	-74.9241
1032	-67.6006
1033	-64.9974
1034	-67.888
1035	-73.227
1036	-67.7971
1037	-69.2829
1038	-68.7107
1039	-69.3001
1040	-79.9169
1041	-75.6805
1042	-67.1021
1043	-75.2335
1044	-63.2316
1045	-76.6235
1046	-74.8455
1047	-70.5919
1048	-73.2393
1049	-74.4746
1050	-78.571
1051	-69.2854
1052	-74.9388
1053	-70.3242
1054	-79.5067
1055	-70.7613
1056	-70.6042
1057	-75.3145
1058	-69.946
1059	-76.8986
1060	-64.3883
1061	-76.3092
1062	-81.3167
1063	-79.6492
1064	-73.6298
1065	-69.1822
1066	-66.8639
1067	-77.7827
1068	-63.0842
1069	-87.6161
1070	-68.0623
1071	-66.827
1072	-71.169
1073	-66.7681
1074	-73.4481
1075	-67.4533
1076	-68.4282
1077	-81.3904
1078	-78.6496
1079	-79.8579
1080	-66.5323
1081	-65.5205
1082	-74.8455
1083	-72.8759
1084	-76.7316
1085	-69.8625
1086	-67.1856
1087	-79.2832
1088	-66.5102
1089	-69.8699
1090	-72.2054
1091	-69.5702
1092	-70.6361
1093	-65.6064
1094	-75.8794
1095	-68.5879
1096	-76.5179
1097	-70.6115
1098	-81.8717
1099	-64.6879
1100	-70.7024
1101	-68.2048
1102	-70.2849
1103	-77.9153
1104	-65.6556
1105	-82.1321
1106	-72.478
1107	-74.0768
1108	-71.729
1109	-74.3322
1110	-66.1737
1111	-68.3816
1112	-65.4026
1113	-69.052
1114	-69.2608
1115	-72.5075
1116	-65.8397
1117	-72.9716
1118	-67.355
1119	-85.057
1120	-66.3751
1121	-81.0146
1122	-74.7202
1123	-68.8408
1124	-70.4003
1125	-73.6323
1126	-69.3566
1127	-68.1385
1128	-70.2849
1129	-66.7067
1130	-80.3368
1131	-66.8958
1132	-70.1768
1133	-70.1277
1134	-71.115
1135	-86.6042
1136	-73.0158
1137	-73.9294
1138	-86.9554
1139	-67.7676
1140	-73.1607
1141	-72.7211
1142	-79.1531
1143	-69.4524
1144	-83.2593
1145	-63.0769
1146	-74.5729
1147	-69.6169
1148	-81.2848
1149	-75.9604
1150	-75.4324
1151	-74.1038
1152	-80.1453
1153	-72.7383
1154	-66.493
1155	-78.8829
1156	-69.2043
1157	-67.9886
1158	-70.2112
1159	-68.2391
1160	-68.5609
1161	-66.6232
1162	-79.9807
1163	-68.9538
1164	-69.5039
1165	-79.0082
1166	-71.142
1167	-76.1864
1168	-79.3692
1169	-67.9567
1170	-75.317
1171	-70.0516
1172	-76.4639
1173	-81.857
1174	-68.858
1175	-75.5208
1176	-67.134
1177	-62.3991
1178	-68.0869
1179	-74.3838
1180	-69.7569
1181	-81.3511
1182	-81.0736
1183	-72.424
1184	-76.9796
1185	-69.3345
1186	-71.9696
1187	-68.4553
1188	-72.9986
1189	-70.8866
1190	-83.947
1191	-71.2918
1192	-80.1207
1193	-71.0241
1194	-65.4689
1195	-66.5741
1196	-69.0299
1197	-70.8252
1198	-66.9768
1199	-71.9917
1200	-76.6874
1201	-71.3041
1202	-87.9378
1203	-64.6536
1204	-69.4646
1205	-74.1161
1206	-84.0501
1207	-78.0725
1208	-71.5006
1209	-73.3818
1210	-77.8957
1211	-84.3596
1212	-80.3221
1213	-74.2831
1214	-67.2322
1215	-68.4356
1216	-65.0711
1217	-72.6597
1218	-63.487
1219	-63.7891
1220	-78.8142
1221	-84.8311
1222	-72.0237
1223	-73.7796
1224	-71.5423
1225	-67.4262
1226	-76.8053
1227	-70.9701
1228	-73.1386
1229	-74.5066
1230	-70.6189
1231	-70.0761
1232	-83.667
1233	-69.4941
1234	-72.4043
1235	-64.8451
1236	-74.6343
1237	-72.7555
1238	-70.1277
1239	-77.0754
1240	-76.3829
1241	-65.6556
1242	-66.6183
1243	-66.6109
1244	-75.1844
1245	-78.571
1246	-97.0565
1247	-68.8114
1248	-71.056
1249	-69.5383
1250	-65.1177
1251	-71.5227
1252	-76.2134
1253	-71.4809
1254	-73.7649
1255	-74.2511
1256	-67.2322
1257	-72.1735
1258	-67.2838
1259	-81.4788
1260	-72.5443
1261	-73.2123
1262	-69.3124
1263	-69.1134
1264	-73.7035
1265	-80.2582
1266	-80.8059
1267	-69.5064
1268	-77.8785
1269	-67.2887
1270	-79.7941
1271	-77.2522
1272	-66.6576
1273	-80.9041
1274	-64.9998
1275	-65.1791
1276	-69.9091
1277	-69.4818
1278	-65.6089
1279	-69.499
1280	-76.0439
1281	-75.7026
1282	-75.0026
1283	-68.6468
1284	-68.2514
1285	-72.2398
1286	-69.5702
1287	-65.6138
1288	-90.2881
1289	-76.4516
1290	-69.3517
1291	-88.4437
1292	-69.8109
1293	-74.6858
1294	-69.7078
1295	-67.4876
1296	-70.9038
1297	-72.0998
1298	-71.6847
1299	-70.7957
1300	-66.7951
1301	-71.0364
1302	-66.8319
1303	-74.9805
1304	-80.9066
1305	-63.3544
1306	-67.2789
1307	-71.1592
1308	-66.9719
1309	-73.9884
1310	-71.8984
1311	-73.733
1312	-69.892
1313	-83.861
1314	-80.4228
1315	-89.1068
1316	-69.0201
1317	-82.5569
1318	-71.2108
1319	-67.9837
1320	-72.2324
1321	-77.0926
1322	-78.2763
1323	-64.015
1324	-71.9868
1325	-71.1371
1326	-82.0265
1327	-66.5667
1328	-86.2948
1329	-69.0815
1330	-69.7692
1331	-79.5706
1332	-70.6508
1333	-69.6316
1334	-69.6341
1335	-66.5937
1336	-78.9492
1337	-64.9434
1338	-65.7145
1339	-65.2798
1340	-72.6254
1341	-70.6385
1342	-76.6874
1343	-75.263
1344	-72.7187
1345	-71.1813
1346	-65.8054
1347	-69.1405
1348	-73.394
1349	-85.1086
1350	-93.6944
1351	-67.1954
1352	-70.7589
1353	-68.6296
1354	-63.7056
1355	-76.3681
1356	-74.5974
1357	-70.9283
1358	-67.2666
1359	-71.5988
1360	-71.53
1361	-69.8797
1362	-73.1902
1363	-76.3878
1364	-75.8426
1365	-69.3959
1366	-74.0547
1367	-76.8421
1368	-76.0341
1369	-64.5308
1370	-64.5725
1371	-82.7804
1372	-69.8748
1373	-73.3326
1374	-67.9101
1375	-69.0962
1376	-71.3458
1377	-68.0083
1378	-84.7427
1379	-71.2648
1380	-66.2499
1381	-63.9585
1382	-74.929
1383	-85.0079
1384	-67.9371
1385	-68.4307
1386	-67.2371
1387	-69.0373
1388	-62.3205
1389	-62.6618
1390	-68.831
1391	-69.7814
1392	-70.8719
1393	-67.9567
1394	-78.8657
1395	-84.4038
1396	-76.0341
1397	-70.8792
1398	-67.2789
1399	-67.4238
1400	-74.3322
1401	-74.0596
1402	-84.3645
1403	-68.0844
1404	-80.02
1405	-61.3676
1406	-69.4573
1407	-69.4769
1408	-70.0516
1409	-66.7951
1410	-84.0108
1411	-68.9538
1412	-75.0321
1413	-67.2396
1414	-77.3284
1415	-68.7917
1416	-69.6169
1417	-71.2574
1418	-77.5322
1419	-66.4218
1420	-75.1082
1421	-71.5251
1422	-77.6255
1423	-70.1105
1424	-65.1668
1425	-62.9983
1426	-69.4622
1427	-71.0045
1428	-79.5657
1429	-66.606
1430	-75.4815
1431	-65.5917
1432	-75.4693
1433	-68.9268
1434	-87.4564
1435	-68.4454
1436	-75.5184
1437	-73.6052
1438	-82.0265
1439	-73.065
1440	-72.0556
1441	-73.9221
1442	-70.3758
1443	-64.575
1444	-74.816
1445	-68.0058
1446	-67.0382
1447	-67.4262
1448	-74.9634
1449	-62.6103
1450	-70.6017
1451	-72.0458
1452	-72.5026
1453	-81.135
1454	-68.4356
1455	-77.709
1456	-68.7058
1457	-70.2358
1458	-67.0677
1459	-70.8719
1460	-66.9056
1461	-73.4039
1462	-77.0116
1463	-69.6636
1464	-67.8364
1465	-67.8192
1466	-69.2411
1467	-75.8131
1468	-71.3851
1469	-87.8543
1470	-72.8881
1471	-66.8417
1472	-72.5983
1473	-69.7225
1474	-66.0362
1475	-64.6167
1476	-68.0107
1477	-69.5481
1478	-73.7649
1479	-71.1101
1480	-65.658
1481	-72.1391
1482	-69.7814
1483	-70.3168
1484	-71.6356
1485	-80.3958
1486	-66.0755
1487	-72.0605
1488	-69.0005
1489	-69.1994
1490	-79.8481
1491	-70.4519
1492	-76.8249
1493	-73.0772
1494	-68.8408
1495	-76.8839
1496	-78.3647
1497	-69.5285
1498	-71.2181
1499	-72.2054
1500	-80.3368
1501	-69.8379
1502	-69.9067
1503	-63.013
1504	-71.2599
1505	-79.7744
1506	-66.4021
1507	-80.214
1508	-67.8487
1509	-70.7859
1510	-66.8147
1511	-64.0568
1512	-70.6091
1513	-76.6186
1514	-64.4743
1515	-73.1927
1516	-72.6327
1517	-67.8216
1518	-76.8814
1519	-74.7251
1520	-73.566
1521	-77.6059
1522	-65.8545
1523	-73.0379
1524	-68.4774
1525	-71.3311
1526	-69.5506
1527	-72.9962
1528	-76.2723
1529	-82.8173
1530	-71.0364
1531	-71.1764
1532	-70.7884
1533	-70.9111
1534	-82.7436
1535	-73.5512
1536	-83.3035
1537	-72.6597
1538	-72.9151
1539	-71.8935
1540	-71.4465
1541	-75.8622
1542	-74.0989
1543	-75.0051
1544	-73.1239
1545	-78.8928
1546	-76.4664
1547	-74.0817
1548	-69.5702
1549	-67.3059
1550	-74.5459
1551	-79.1678
1552	-70.3537
1553	-65.5549
1554	-65.1988
1555	-68.6566
1556	-70.2603
1557	-74.5213
1558	-80.0347
1559	-72.7825
1560	-75.6166
1561	-64.5381
1562	-70.6557
1563	-76.1053
1564	-64.2311
1565	-81.0171
1566	-65.41
1567	-70.4273
1568	-71.5816
1569	-71.9033
1570	-71.5251
1571	-66.9768
1572	-67.3427
1573	-69.1626
1574	-74.536
1575	-70.0516
1576	-75.2089
1577	-74.6613
1578	-73.4751
1579	-89.5267
1580	-89.1682
1581	-71.9524
1582	-79.5878
1583	-70.9897
1584	-73.3204
1585	-65.1546
1586	-74.7153
1587	-66.9866
1588	-72.171
1589	-83.0064
1590	-73.7575
1591	-67.8732
1592	-75.123
1593	-85.391
1594	-69.72
1595	-69.7348
1596	-89.7036
1597	-71.783
1598	-76.4344
1599	-75.3023
1600	-73.4235
1601	-71.9696
1602	-67.4999
1603	-64.7616
1604	-64.1427
1605	-82.11
1606	-76.8347
1607	-66.8123
1608	-78.1216
1609	-70.8227
1610	-63.4084
1611	-78.9542
1612	-73.1288
1613	-71.6528
1614	-66.6576
1615	-64.7199
1616	-67.3747
1617	-71.2722
1618	-73.4358
1619	-63.7719
1620	-80.5505
1621	-67.8462
1622	-64.7248
1623	-73.6298
1624	-67.9518
1625	-75.0665
1626	-79.0106
1627	-75.1917
1628	-67.0677
1629	-65.7415
1630	-75.9654
1631	-72.2742
1632	-71.0413
1633	-68.3521
1634	-82.8074
1635	-68.3669
1636	-71.9303
1637	-64.3834
1638	-68.7672
1639	-71.4564
1640	-73.1804
1641	-88.0483
1642	-76.1225
1643	-68.0427
1644	-66.9326
1645	-84.1508
1646	-69.9926
1647	-85.4549
1648	-66.9375
1649	-73.2614
1650	-85.3763
1651	-72.1047
1652	-77.7606
1653	-69.4401
1654	-66.5765
1655	-83.8315
1656	-77.8294
1657	-72.6745
1658	-73.9221
1659	-65.9232
1660	-71.8763
1661	-66.2892
1662	-71.255
1663	-76.206
1664	-78.5047
1665	-74.4034
1666	-76.8495
1667	-67.0161
1668	-67.7774
1669	-63.7473
1670	-65.3805
1671	-64.7641
1672	-71.3237
1673	-72.9102
1674	-71.1297
1675	-66.2695
1676	-69.0275
1677	-71.6332
1678	-70.9308
1679	-65.4051
1680	-70.5059
1681	-70.4445
1682	-70.5821
1683	-77.2449
1684	-82.4685
1685	-75.6166
1686	-71.2083
1687	-67.554
1688	-70.9701
1689	-75.3514
1690	-71.2378
1691	-70.6287
1692	-70.3807
1693	-76.4148
1694	-70.4544
1695	-86.786
1696	-66.8614
1697	-76.5376
1698	-88.1416
1699	-64.7469
1700	-81.8595
1701	-70.0565
1702	-70.2112
1703	-68.3644
1704	-79.0033
1705	-70.1326
1706	-70.3389
1707	-72.7211
1708	-68.5388
1709	-70.1326
1710	-80.5849
1711	-65.7489
1712	-66.159
1713	-72.5934
1714	-69.0791
1715	-63.4796
1716	-68.0599
1717	-69.3689
1718	-74.9339
1719	-65.1816
1720	-70.4765
1721	-70.0123
1722	-70.0516
1723	-81.6384
1724	-65.4468
1725	-72.4461
1726	-97.4126
1727	-70.3168
1728	-70.5133
1729	-70.6754
1730	-70.9897
1731	-75.2777
1732	-77.7066
1733	-66.6649
1734	-77.9595
1735	-72.1636
1736	-70.808
1737	-80.8943
1738	-67.0284
1739	-89.5366
1740	-66.6035
1741	-69.9632
1742	-74.0743
1743	-79.8407
1744	-79.8285
1745	-81.6581
1746	-66.7214
1747	-76.4565
1748	-78.3132
1749	-80.4449
1750	-69.9681
1751	-74.0522
1752	-67.7111
1753	-70.1105
1754	-78.9296
1755	-66.4758
1756	-73.3891
1757	-71.5399
1758	-72.365
1759	-68.6738
1760	-65.5524
1761	-65.4419
1762	-86.8572
1763	-71.4588
1764	-66.5888
1765	-73.2835
1766	-78.4139
1767	-69.2215
1768	-72.0924
1769	-72.4633
1770	-68.831
1771	-76.0022
1772	-73.3719
1773	-64.5136
1774	-70.4126
1775	-62.5931
1776	-68.8335
1777	-64.5971
1778	-61.2153
1779	-72.3331
1780	-91.0322
1781	-68.5191
1782	-65.631
1783	-81.9872
1784	-69.6832
1785	-75.2924
1786	-77.1786
1787	-79.1629
1788	-73.2909
1789	-69.612
1790	-71.67
1791	-68.5388
1792	-71.5325
1793	-71.4711
1794	-64.2164
1795	-66.8246
1796	-69.4229
1797	-67.2494
1798	-66.8246
1799	-64.8525
1800	-75.5945
1801	-72.6892
1802	-69.9386
1803	-73.5561
1804	-66.6895
1805	-65.8496
1806	-68.3398
1807	-65.8889
1808	-70.4593
1809	-68.3055
1810	-60.675
1811	-80.5259
1812	-68.023
1813	-66.2916
1814	-68.6174
1815	-73.3056
1816	-74.4402
1817	-68.5044
1818	-80.1133
1819	-69.7986
1820	-68.1311
1821	-69.2829
1822	-64.1182
1823	-70.5771
1824	-71.0536
1825	-68.384
1826	-73.1214
1827	-76.0169
1828	-81.1767
1829	-70.4789
1830	-80.9655
1831	-63.9536
1832	-80.5947
1833	-68.7794
1834	-67.6227
1835	-66.4218
1836	-66.5741
1837	-64.5529
1838	-69.0422
1839	-77.5273
1840	-67.8045
1841	-75.6559
1842	-66.2327
1843	-75.8794
1844	-70.3537
1845	-69.2706
1846	-72.6966
1847	-72.645
1848	-69.5015
1849	-75.3072
1850	-67.0579
1851	-73.2
1852	-67.6055
1853	-70.6778
1854	-63.2684
1855	-70.2112
1856	-69.0766
1857	-69.553
1858	-67.8708
1859	-71.3778
1860	-78.8166
1861	-74.7202
1862	-70.975
1863	-68.4725
1864	-74.956
1865	-82.6159
1866	-71.9377
